   1.3919063e+06   0.0000000e+00   7.2167956e+05   0.0000000e+00   3.4822065e+05   0.0000000e+00   6.7160363e+05   0.0000000e+00  -2.4246825e+00   0.0000000e+00   2.5300868e+00  -7.7337380e-01   0.0000000e+00
   0.0000000e+00   1.3919063e+06   0.0000000e+00   7.2167956e+05   0.0000000e+00   3.4822065e+05   0.0000000e+00   6.7160363e+05   0.0000000e+00   2.5300868e+00  -2.4246825e+00   0.0000000e+00  -8.7877810e-01
   7.2167956e+05   0.0000000e+00   1.4956418e+06   0.0000000e+00   7.2167956e+05   0.0000000e+00   3.4822065e+05   0.0000000e+00  -2.5300868e+00   0.0000000e+00  -2.5300868e+00   8.7877810e-01   0.0000000e+00
   0.0000000e+00   7.2167956e+05   0.0000000e+00   1.4956418e+06   0.0000000e+00   7.2167956e+05   0.0000000e+00   3.4822065e+05   0.0000000e+00  -2.5300868e+00  -2.5300868e+00   0.0000000e+00   8.7877810e-01
   3.4822065e+05   0.0000000e+00   7.2167956e+05   0.0000000e+00   1.3919063e+06   0.0000000e+00   6.7160363e+05   0.0000000e+00   2.5300868e+00   0.0000000e+00  -2.4246825e+00  -8.7877810e-01   0.0000000e+00
   0.0000000e+00   3.4822065e+05   0.0000000e+00   7.2167956e+05   0.0000000e+00   1.3919063e+06   0.0000000e+00   6.7160363e+05   0.0000000e+00  -2.4246825e+00   2.5300868e+00   0.0000000e+00  -7.7337380e-01
   6.7160363e+05   0.0000000e+00   3.4822065e+05   0.0000000e+00   6.7160363e+05   0.0000000e+00   1.2952812e+06   0.0000000e+00   2.4246825e+00   0.0000000e+00   2.4246825e+00   7.7337380e-01   0.0000000e+00
   0.0000000e+00   6.7160363e+05   0.0000000e+00   3.4822065e+05   0.0000000e+00   6.7160363e+05   0.0000000e+00   1.2952812e+06   0.0000000e+00   2.4246825e+00   2.4246825e+00   0.0000000e+00   7.7337380e-01
  -2.4246825e+00  -0.0000000e+00  -2.5300868e+00  -0.0000000e+00   2.5300868e+00  -0.0000000e+00   2.4246825e+00  -0.0000000e+00  -2.7432893e-05   1.1756954e-05  -0.0000000e+00   6.5737102e-07  -2.8173044e-07
  -0.0000000e+00   2.5300868e+00  -0.0000000e+00  -2.5300868e+00  -0.0000000e+00  -2.4246825e+00  -0.0000000e+00   2.4246825e+00   1.1756954e-05  -2.7432893e-05  -0.0000000e+00  -2.8173044e-07   6.5737102e-07
   2.5300868e+00  -2.4246825e+00  -2.5300868e+00  -2.5300868e+00  -2.4246825e+00   2.5300868e+00   2.4246825e+00   2.4246825e+00  -0.0000000e+00  -0.0000000e+00  -7.8379694e-05  -0.0000000e+00  -0.0000000e+00
  -7.7337380e-01  -0.0000000e+00   8.7877810e-01  -0.0000000e+00  -8.7877810e-01  -0.0000000e+00   7.7337380e-01  -0.0000000e+00   6.5737102e-07  -2.8173044e-07  -0.0000000e+00  -9.1478036e-06   6.6660240e-09
  -0.0000000e+00  -8.7877810e-01  -0.0000000e+00   8.7877810e-01  -0.0000000e+00  -7.7337380e-01  -0.0000000e+00   7.7337380e-01  -2.8173044e-07   6.5737102e-07  -0.0000000e+00   6.6660240e-09  -9.1478036e-06
