   2.7680543e+03   0.0000000e+00   1.4041540e+03   0.0000000e+00   6.9215579e+02   0.0000000e+00   1.3644691e+03   0.0000000e+00   0.0000000e+00   0.0000000e+00   0.0000000e+00   0.0000000e+00   0.0000000e+00
   0.0000000e+00   2.7680543e+03   0.0000000e+00   1.4041540e+03   0.0000000e+00   6.9215579e+02   0.0000000e+00   1.3644691e+03   0.0000000e+00   0.0000000e+00   0.0000000e+00   0.0000000e+00   0.0000000e+00
   1.4041540e+03   0.0000000e+00   2.8485618e+03   0.0000000e+00   1.4041540e+03   0.0000000e+00   6.9215579e+02   0.0000000e+00   0.0000000e+00   0.0000000e+00   0.0000000e+00   0.0000000e+00   0.0000000e+00
   0.0000000e+00   1.4041540e+03   0.0000000e+00   2.8485618e+03   0.0000000e+00   1.4041540e+03   0.0000000e+00   6.9215579e+02   0.0000000e+00   0.0000000e+00   0.0000000e+00   0.0000000e+00   0.0000000e+00
   6.9215579e+02   0.0000000e+00   1.4041540e+03   0.0000000e+00   2.7680543e+03   0.0000000e+00   1.3644691e+03   0.0000000e+00   0.0000000e+00   0.0000000e+00   0.0000000e+00   0.0000000e+00   0.0000000e+00
   0.0000000e+00   6.9215579e+02   0.0000000e+00   1.4041540e+03   0.0000000e+00   2.7680543e+03   0.0000000e+00   1.3644691e+03   0.0000000e+00   0.0000000e+00   0.0000000e+00   0.0000000e+00   0.0000000e+00
   1.3644691e+03   0.0000000e+00   6.9215579e+02   0.0000000e+00   1.3644691e+03   0.0000000e+00   2.6898222e+03   0.0000000e+00   0.0000000e+00   0.0000000e+00   0.0000000e+00   0.0000000e+00   0.0000000e+00
   0.0000000e+00   1.3644691e+03   0.0000000e+00   6.9215579e+02   0.0000000e+00   1.3644691e+03   0.0000000e+00   2.6898222e+03   0.0000000e+00   0.0000000e+00   0.0000000e+00   0.0000000e+00   0.0000000e+00
   0.0000000e+00   0.0000000e+00   0.0000000e+00   0.0000000e+00   0.0000000e+00   0.0000000e+00   0.0000000e+00   0.0000000e+00  -5.4507268e-08   2.3360258e-08   0.0000000e+00   5.2086423e-10  -2.2322753e-10
   0.0000000e+00   0.0000000e+00   0.0000000e+00   0.0000000e+00   0.0000000e+00   0.0000000e+00   0.0000000e+00   0.0000000e+00   2.3360258e-08  -5.4507268e-08   0.0000000e+00  -2.2322753e-10   5.2086423e-10
   0.0000000e+00   0.0000000e+00   0.0000000e+00   0.0000000e+00   0.0000000e+00   0.0000000e+00   0.0000000e+00   0.0000000e+00   0.0000000e+00   0.0000000e+00  -1.5573505e-07   0.0000000e+00   0.0000000e+00
   0.0000000e+00   0.0000000e+00   0.0000000e+00   0.0000000e+00   0.0000000e+00   0.0000000e+00   0.0000000e+00   0.0000000e+00   5.2086423e-10  -2.2322753e-10   0.0000000e+00  -1.8169089e-08   2.1331326e-12
   0.0000000e+00   0.0000000e+00   0.0000000e+00   0.0000000e+00   0.0000000e+00   0.0000000e+00   0.0000000e+00   0.0000000e+00  -2.2322753e-10   5.2086423e-10   0.0000000e+00   2.1331326e-12  -1.8169089e-08
