   8.8851709e+07   0.0000000e+00   4.6260900e+07   0.0000000e+00   2.2234252e+07   0.0000000e+00   4.2704558e+07   0.0000000e+00  -3.0794848e+02   0.0000000e+00   3.2481313e+02  -9.7072916e+01   0.0000000e+00
   0.0000000e+00   8.8851709e+07   0.0000000e+00   4.6260900e+07   0.0000000e+00   2.2234252e+07   0.0000000e+00   4.2704558e+07   0.0000000e+00   3.2481313e+02  -3.0794848e+02   0.0000000e+00  -1.1393756e+02
   4.6260900e+07   0.0000000e+00   9.6251086e+07   0.0000000e+00   4.6260900e+07   0.0000000e+00   2.2234252e+07   0.0000000e+00  -3.2481313e+02   0.0000000e+00  -3.2481313e+02   1.1393756e+02   0.0000000e+00
   0.0000000e+00   4.6260900e+07   0.0000000e+00   9.6251086e+07   0.0000000e+00   4.6260900e+07   0.0000000e+00   2.2234252e+07   0.0000000e+00  -3.2481313e+02  -3.2481313e+02   0.0000000e+00   1.1393756e+02
   2.2234252e+07   0.0000000e+00   4.6260900e+07   0.0000000e+00   8.8851709e+07   0.0000000e+00   4.2704558e+07   0.0000000e+00   3.2481313e+02   0.0000000e+00  -3.0794848e+02  -1.1393756e+02   0.0000000e+00
   0.0000000e+00   2.2234252e+07   0.0000000e+00   4.6260900e+07   0.0000000e+00   8.8851709e+07   0.0000000e+00   4.2704558e+07   0.0000000e+00  -3.0794848e+02   3.2481313e+02   0.0000000e+00  -9.7072916e+01
   4.2704558e+07   0.0000000e+00   2.2234252e+07   0.0000000e+00   4.2704558e+07   0.0000000e+00   8.2021166e+07   0.0000000e+00   3.0794848e+02   0.0000000e+00   3.0794848e+02   9.7072916e+01   0.0000000e+00
   0.0000000e+00   4.2704558e+07   0.0000000e+00   2.2234252e+07   0.0000000e+00   4.2704558e+07   0.0000000e+00   8.2021166e+07   0.0000000e+00   3.0794848e+02   3.0794848e+02   0.0000000e+00   9.7072916e+01
  -3.0794848e+02  -0.0000000e+00  -3.2481313e+02  -0.0000000e+00   3.2481313e+02  -0.0000000e+00   3.0794848e+02  -0.0000000e+00  -1.7516942e-03   7.5072610e-04  -0.0000000e+00   4.6686947e-05  -2.0008691e-05
  -0.0000000e+00   3.2481313e+02  -0.0000000e+00  -3.2481313e+02  -0.0000000e+00  -3.0794848e+02  -0.0000000e+00   3.0794848e+02   7.5072610e-04  -1.7516942e-03  -0.0000000e+00  -2.0008691e-05   4.6686947e-05
   3.2481313e+02  -3.0794848e+02  -3.2481313e+02  -3.2481313e+02  -3.0794848e+02   3.2481313e+02   3.0794848e+02   3.0794848e+02  -0.0000000e+00  -0.0000000e+00  -5.0048407e-03  -0.0000000e+00  -0.0000000e+00
  -9.7072916e+01  -0.0000000e+00   1.1393756e+02  -0.0000000e+00  -1.1393756e+02  -0.0000000e+00   9.7072916e+01  -0.0000000e+00   4.6686947e-05  -2.0008691e-05  -0.0000000e+00  -5.8414708e-04   5.3328069e-07
  -0.0000000e+00  -1.1393756e+02  -0.0000000e+00   1.1393756e+02  -0.0000000e+00  -9.7072916e+01  -0.0000000e+00   9.7072916e+01  -2.0008691e-05   4.6686947e-05  -0.0000000e+00   5.3328069e-07  -5.8414708e-04
