1004
1005
1006
1007
1008
1013
1014
1015
1016
1017
1022
1023
1024
1025
1026
1031
1032
1033
1034
1035
1040
1041
1042
1043
1044
1121
1122
1123
1124
1125
1130
1131
1132
1133
1134
1139
1140
1141
1142
1143
1148
1149
1150
1151
1152
1157
1158
1159
1160
1161
1166
1167
1168
1169
1170
1175
1176
1177
1178
1179
1184
1185
1186
1187
1188
1193
1194
1195
1196
1197
1202
1203
1204
1205
1206
1211
1212
1213
1214
1215
1220
1221
1222
1223
1224
1301
1302
1303
1304
1305
1310
1311
1312
1313
1314
1319
1320
1321
1322
1323
1328
1329
1330
1331
1332
1337
1338
1339
1340
1341
1346
1347
1348
1349
1350
1355
1356
1357
1358
1359
1364
1365
1366
1367
1368
1373
1374
1375
1376
1377
1382
1383
1384
1385
1386
1391
1392
1393
1394
1395
1400
1401
1402
1403
1404
1445
1446
1447
1448
1449
1454
1455
1456
1457
1458
1463
1464
1465
1466
1467
1472
1473
1474
1475
1476
1477
1478
1479
1480
1481
1482
1483
1484
1485
1486
1487
1488
1489
1490
1491
1492
1493
1494
1495
1496
1497
1498
1499
1500
1501
1502
1503
1504
1505
1506
1507
1508
1509
1510
1511
1512
1513
1514
1515
1516
1517
1518
1519
1520
1521
1522
1523
1524
1529
1530
1531
1532
1533
1538
1539
1540
1541
1542
1547
1548
1549
1550
1551
1556
1557
1558
1559
1560
1565
1566
1567
1568
1569
1574
1575
1576
1577
1578
1583
1584
1585
1586
1587
1592
1593
1594
1595
1596
1597
1598
1599
1600
1601
1602
1603
1604
1605
1606
1607
1608
1609
1610
1611
1612
1613
1614
1615
1616
1617
1618
1619
1620
1621
1622
1623
1624
1625
1626
1627
1628
1629
1630
1631
1632
1633
1634
1635
1636
1637
1638
1639
1640
1641
1642
1643
1644
1649
1650
1651
1652
1653
1658
1659
1660
1661
1662
1667
1668
1669
1670
1671
1676
1677
1678
1679
1680
1685
1686
1687
1688
1689
1694
1695
1696
1697
1698
1703
1704
1705
1706
1707
1712
1713
1714
1715
1716
1717
1718
1719
1720
1721
1722
1723
1724
1725
1726
1727
1728
1729
1730
1731
1732
1733
1734
1735
1736
1737
1738
1739
1740
1741
1742
1743
1744
1745
1746
1747
1748
1749
1750
1751
1752
1753
1754
1755
1756
1757
1758
1759
1760
1761
1762
1763
1764
1769
1770
1771
1772
1773
1778
1779
1780
1781
1782
1787
1788
1789
1790
1791
1796
1797
1798
1799
1800
1805
1806
1807
1808
1809
1814
1815
1816
1817
1818
1823
1824
1825
1826
1827
1832
1833
1834
1835
1836
1837
1838
1839
1840
1841
1842
1843
1844
1845
1846
1847
1848
1849
1850
1851
1852
1853
1854
1855
1856
1857
1858
1859
1860
1861
1862
1863
1864
1865
1866
1867
1868
1869
1870
1871
1872
1873
1874
1875
1876
1877
1878
1879
1880
1881
1882
1883
1884
1889
1890
1891
1892
1893
1898
1899
1900
1901
1902
1907
1908
1909
1910
1911
1916
1917
1918
1919
1920
1925
1926
1927
1928
1929
1934
1935
1936
1937
1938
1943
1944
1945
1946
1947
1952
1953
1954
1955
1956
1957
1958
1959
1960
1961
1962
1963
1964
1965
1966
1967
1968
1969
1970
1971
1972
1973
1974
1975
1976
1977
1978
1979
1980
1981
1982
1983
1984
1985
1986
1987
1988
1989
1990
1991
1992
1993
1994
1995
1996
1997
1998
1999
2000
2001
2002
2003
2004
2009
2010
2011
2012
2013
2018
2019
2020
2021
2022
2027
2028
2029
2030
2031
2036
2037
2038
2039
2040
2045
2046
2047
2048
2049
2054
2055
2056
2057
2058
2063
2064
2065
2066
2067
2072
2073
2074
2075
2076
2077
2078
2079
2080
2081
2082
2083
2084
2085
2086
2087
2088
2089
2090
2091
2092
2093
2094
2095
2096
2097
2098
2099
2100
2101
2102
2103
2104
2105
2106
2107
2108
2109
2110
2111
2112
2113
2114
2115
2116
2117
2118
2119
2120
2121
2122
2123
2124
2129
2130
2131
2132
2133
2138
2139
2140
2141
2142
2147
2148
2149
2150
2151
2156
2157
2158
2159
2160
2165
2166
2167
2168
2169
2174
2175
2176
2177
2178
2183
2184
2185
2186
2187
2192
2193
2194
2195
2196
2197
2198
2199
2200
2201
2202
2203
2204
2205
2206
2207
2208
2209
2210
2211
2212
2213
2214
2215
2216
2217
2218
2219
2220
2221
2222
2223
2224
2225
2226
2227
2228
2229
2230
2231
2232
2233
2234
2235
2236
2237
2238
2239
2240
2241
2242
2243
2244
2249
2250
2251
2252
2253
2258
2259
2260
2261
2262
2267
2268
2269
2270
2271
2276
2277
2278
2279
2280
2285
2286
2287
2288
2289
2294
2295
2296
2297
2298
2303
2304
2305
2306
2307
2312
2313
2314
2315
2316
2317
2318
2319
2320
2321
2322
2323
2324
2325
2326
2327
2328
2329
2330
2331
2332
2333
2334
2335
2336
2337
2338
2339
2340
2341
2342
2343
2344
2345
2346
2347
2348
2349
2350
2351
2352
2353
2354
2355
2356
2357
2358
2359
2360
2361
2362
2363
2364
2369
2370
2371
2372
2373
2378
2379
2380
2381
2382
2387
2388
2389
2390
2391
2396
2397
2398
2399
2400
2405
2406
2407
2408
2409
2414
2415
2416
2417
2418
2423
2424
2425
2426
2427
2432
2433
2434
2435
2436
2437
2438
2439
2440
2441
2442
2443
2444
2445
2446
2447
2448
2449
2450
2451
2452
2453
2454
2455
2456
2457
2458
2459
2460
2461
2462
2463
2464
2465
2466
2467
2468
2469
2470
2471
2472
2473
2474
2475
2476
2477
2478
2479
2480
2481
2482
2483
2484
2489
2490
2491
2492
2493
2498
2499
2500
2501
2502
2507
2508
2509
2510
2511
2516
2517
2518
2519
2520
2525
2526
2527
2528
2529
2534
2535
2536
2537
2538
2543
2544
2545
2546
2547
2552
2553
2554
2555
2556
2557
2558
2559
2560
2561
2562
2563
2564
2565
2566
2567
2568
2569
2570
2571
2572
2573
2574
2575
2576
2577
2578
2579
2580
2581
2582
2583
2584
2585
2586
2587
2588
2589
2590
2591
2592
2593
2594
2595
2596
2597
2598
2599
2600
2601
2602
2603
2604
2609
2610
2611
2612
2613
2618
2619
2620
2621
2622
2627
2628
2629
2630
2631
2636
2637
2638
2639
2640
2645
2646
2647
2648
2649
2654
2655
2656
2657
2658
2663
2664
2665
2666
2667
2672
2673
2674
2675
2676
2677
2678
2679
2680
2681
2682
2683
2684
2685
2686
2687
2688
2689
2690
2691
2692
2693
2694
2695
2696
2697
2698
2699
2700
2701
2702
2703
2704
2705
2706
2707
2708
2709
2710
2711
2712
2713
2714
2715
2716
2717
2718
2719
2720
2721
2722
2723
2724
2729
2730
2731
2732
2733
2738
2739
2740
2741
2742
2747
2748
2749
2750
2751
2756
2757
2758
2759
2760
2765
2766
2767
2768
2769
2774
2775
2776
2777
2778
2783
2784
2785
2786
2787
2792
2793
2794
2795
2796
2797
2798
2799
2800
2801
2802
2803
2804
2805
2806
2807
2808
2809
2810
2811
2812
2813
2814
2815
2816
2817
2818
2819
2820
2821
2822
2823
2824
2825
2826
2827
2828
2829
2830
2831
2832
2833
2834
2835
2836
2837
2838
2839
2840
2841
2842
2843
2844
2849
2850
2851
2852
2853
2858
2859
2860
2861
2862
2867
2868
2869
2870
2871
2876
2877
2878
2879
2880
2921
2922
2923
2924
2925
2930
2931
2932
2933
2934
2939
2940
2941
2942
2943
2948
2949
2950
2951
2952
2957
2958
2959
2960
2961
2966
2967
2968
2969
2970
2975
2976
2977
2978
2979
2984
2985
2986
2987
2988
2993
2994
2995
2996
2997
3002
3003
3004
3005
3006
3011
3012
3013
3014
3015
3020
3021
3022
3023
3024
3101
3102
3103
3104
3105
3110
3111
3112
3113
3114
3119
3120
3121
3122
3123
3128
3129
3130
3131
3132
3137
3138
3139
3140
3141
3146
3147
3148
3149
3150
3155
3156
3157
3158
3159
3164
3165
3166
3167
3168
3173
3174
3175
3176
3177
3182
3183
3184
3185
3186
3191
3192
3193
3194
3195
3200
3201
3202
3203
3204
3281
3282
3283
3284
3285
3290
3291
3292
3293
3294
3299
3300
3301
3302
3303
3308
3309
3310
3311
3312
3317
3318
3319
3320
3321
3326
3327
3328
3329
3330
3335
3336
3337
3338
3339
3344
3345
3346
3347
3348
3353
3354
3355
3356
3357
3362
3363
3364
3365
3366
3371
3372
3373
3374
3375
3380
3381
3382
3383
3384
3461
3462
3463
3464
3465
3470
3471
3472
3473
3474
3479
3480
3481
3482
3483
3488
3489
3490
3491
3492
3497
3498
3499
3500
3501
3506
3507
3508
3509
3510
3515
3516
3517
3518
3519
3524
3525
3526
3527
3528
3533
3534
3535
3536
3537
3542
3543
3544
3545
3546
3551
3552
3553
3554
3555
3560
3561
3562
3563
3564
761
762
763
764
765
770
771
772
773
774
779
780
781
782
783
788
789
790
791
792
797
798
799
800
801
806
807
808
809
810
815
816
817
818
819
824
825
826
827
828
833
834
835
836
837
842
843
844
845
846
851
852
853
854
855
860
861
862
863
864
941
942
943
944
945
950
951
952
953
954
959
960
961
962
963
968
969
970
971
972
977
978
979
980
981
986
987
988
989
990
995
996
997
998
999
