-0.976241
-1.004033
-1.032564
-1.061855
-1.091922
-1.122786
-1.154465
-1.186980
-1.220350
-1.254597
-1.289741
-1.325805
-1.362810
-1.400778
-1.439734
-1.479700
-1.520700
-1.562759
-1.605902
-1.650155
-1.695543
-1.742093
-1.789834
-1.838791
-1.888994
-1.940472
-1.993254
-2.047370
-2.102851
-2.159729
-2.218035
-2.277802
-2.339063
-2.401853
-2.466206
-2.532158
-2.599744
-2.669001
-2.739967
-2.812680
-2.887179
-2.963504
-3.041695
-3.121793
-3.203842
-3.287882
-3.373959
-3.462116
-3.552400
-3.644856
-3.739531
-3.836474
-3.935733
-4.037358
-4.141401
-4.247911
-4.356943
-4.468550
-4.582785
-4.699706
-4.819367
-4.941828
-5.067146
-5.195380
-5.326593
-5.460844
-5.598198
-5.738718
-5.882469
-6.029517
-6.179930
-6.333776
-6.491124
-6.652046
-6.816613
-6.984899
-7.156978
-7.332925
-7.512818
-7.696736
-7.884756
-8.076961
-8.273432
-8.474252
-8.679507
-8.889283
-9.103666
-9.322747
-9.546615
-9.775362
-10.009081
-10.247866
-10.491815
-10.741023
-10.995590
-11.255618
-11.521206
-11.792460
-12.069485
-12.352386
-12.641271
-12.936252
-13.237439
-13.544945
-13.858884
-14.179373
-14.506530
-14.840474
-15.181327
-15.529211
-15.884250
-16.246571
-16.616302
-16.993573
-17.378515
-17.771261
-18.171946
-18.580707
-18.997682
-19.423011
-19.856837
-20.299304
-20.750556
-21.210741
-21.680010
-22.158512
-22.646401
-23.143831
-23.650960
-24.167945
-24.694948
-25.232129
-25.779655
-26.337689
-26.906401
-27.485960
-28.076537
-28.678307
-29.291444
-29.916126
-30.552531
-31.200842
-31.861241
-32.533912
-33.219042
-33.916821
-34.627437
-35.351085
-36.087957
-36.838249
-37.602161
-38.379890
-39.171640
-39.977612
-40.798013
-41.633049
-42.482929
-43.347864
-44.228065
-45.123748
-46.035127
-46.962420
-47.905846
-48.865627
-49.841984
-50.835142
-51.845327
-52.872767
-53.917689
-54.980325
-56.060907
-57.159669
-58.276845
-59.412672
-60.567388
-61.741233
-62.934447
-64.147271
-65.379950
-66.632729
-67.905852
-69.199566
-70.514121
-71.849765
-73.206748
-74.585322
-75.985739
-77.408252
-78.853116
-80.320585
-81.810915
-83.324363
-84.861185
-86.421640
-88.005986
-89.614481
-91.247385
-92.904958
-94.587460
-96.295151
-98.028292
-99.787143
-101.571965
-103.383020
-105.220567
-107.084868
-108.976182
-110.894770
-112.840892
-114.814808
-116.816775
-118.847052
-120.905897
-122.993567
-125.110317
-127.256403
-129.432079
-131.637597
-133.873209
-136.139166
-138.435717
-140.763110
-143.121589
-145.511400
-147.932785
-150.385984
-152.871236
-155.388778
-157.938844
-160.521666
-163.137472
-165.786491
-168.468947
-171.185060
-173.935050
-176.719131
-179.537518
-182.390418
-185.278037
-188.200578
-191.158240
-194.151216
-197.179699
-200.243875
-203.343926
-206.480032
-209.652366
-212.861098
-216.106392
-219.388408
-222.707302
-226.063222
-229.456314
-232.886716
-236.354562
-239.859979
-243.403090
-246.984010
-250.602848
-254.259709
-257.954690
-261.687879
-265.459361
-269.269213
-273.117503
-277.004294
-280.929640
-284.893589
-288.896181
-292.937445
-297.017407
-301.136081
-305.293474
-309.489585
-313.724402
-317.997908
-322.310072
-326.660858
-331.050219
-335.478099
-339.944430
-344.449138
-348.992136
-353.573328
-358.192608
-362.849857
-367.544949
-372.277744
-377.048093
-381.855835
-386.700798
-391.582797
-396.501638
-401.457114
-406.449004
-411.477077
-416.541090
-421.640786
-426.775897
-431.946141
-437.151223
-442.390835
-447.664656
-452.972353
-458.313577
-463.687967
-469.095146
-474.534726
-480.006303
-485.509460
-491.043763
-496.608766
-502.204007
-507.829011
-513.483285
-519.166324
-524.877606
-530.616594
-536.382736
-542.175464
-547.994194
-553.838327
-559.707248
-565.600325
-571.516912
-577.456345
-583.417943
-589.401012
-595.404838
-601.428691
-607.471828
-613.533483
-619.612880
-625.709220
-631.821692
-637.949465
-644.091692
-650.247509
-656.416035
-662.596371
-668.787602
-674.988795
-681.198999
-687.417247
-693.642555
-699.873921
-706.110324
-712.350729
-718.594081
-724.839309
-731.085324
-737.331020
-743.575275
-749.816948
-756.054881
-762.287899
-768.514811
-774.734408
-780.945464
-787.146736
-793.336965
-799.514874
-805.679171
-811.828546
-817.961672
-824.077208
-830.173795
-836.250058
-842.304606
-848.336034
-854.342917
-860.323819
-866.277287
-872.201851
-878.096028
-883.958319
-889.787212
-895.581178
-901.338675
-907.058147
-912.738024
-918.376722
-923.972643
-929.524177
-935.029700
-940.487577
-945.896158
-951.253782
-956.558777
-961.809458
-967.004129
-972.141083
-977.218602
-982.234959
-987.188415
-992.077221
-996.899621
-1001.653848
-1006.338126
-1010.950671
-1015.489692
-1019.953388
-1024.339954
-1028.647574
-1032.874430
-1037.018694
-1041.078534
-1045.052113
-1048.937588
-1052.733113
-1056.436837
-1060.046905
-1063.561461
-1066.978644
-1070.296592
-1073.513441
-1076.627326
-1079.636380
-1082.538739
-1085.332535
-1088.015903
-1090.586980
-1093.043903
-1095.384813
-1097.607851
-1099.711166
-1101.692906
-1103.551226
-1105.284286
-1106.890251
-1108.367292
-1109.713587
-1110.927321
-1112.006686
-1112.949885
-1113.755127
-1114.420631
-1114.944629
-1115.325360
-1115.561076
-1115.650042
-1115.590533
-1115.380840
-1115.019264
-1114.504126
-1113.833755
-1113.006502
-1112.020731
-1110.874822
-1109.567175
-1108.096207
-1106.460352
-1104.658067
-1102.687826
-1100.548124
-1098.237479
-1095.754428
-1093.097534
-1090.265381
-1087.256576
-1084.069752
-1080.703567
-1077.156703
-1073.427871
-1069.515806
-1065.419273
-1061.137063
-1056.667997
-1052.010926
-1047.164730
-1042.128319
-1036.900635
-1031.480653
-1025.867379
-1020.059851
-1014.057144
-1007.858364
-1001.462653
-994.869188
-988.077183
-981.085888
-973.894589
-966.502610
-958.909315
-951.114105
-943.116420
-934.915741
-926.511589
-917.903524
-909.091151
-900.074113
-890.852098
-881.424836
-871.792099
-861.953704
-851.909513
-841.659431
-831.203408
-820.541441
-809.673573
-798.599890
-787.320529
-775.835672
-764.145548
-752.250434
-740.150657
-727.846591
-715.338657
-702.627329
-689.713128
-676.596624
-663.278440
-649.759246
-636.039764
-622.120768
-608.003079
-593.687574
-579.175178
-564.466868
-549.563673
-534.466676
-519.177007
-503.695853
-488.024450
-472.164088
-456.116108
-439.881904
-423.462923
-406.860662
-390.076675
-373.112563
-355.969983
-338.650643
-321.156304
-303.488778
-285.649930
-267.641678
-249.465989
-231.124884
-212.620435
-193.954766
-175.130050
-156.148513
-137.012431
-117.724131
-98.285990
-78.700433
-58.969939
-39.097031
-19.084285
1.065676
21.350181
41.766511
62.311899
82.983531
103.778548
124.694043
145.727064
166.874614
188.133651
209.501091
230.973803
252.548615
274.222314
295.991642
317.853302
339.803956
361.840226
383.958695
406.155907
428.428369
450.772549
473.184880
495.661761
518.199552
540.794582
563.443146
586.141506
608.885893
631.672506
654.497514
677.357058
700.247250
723.164175
746.103890
769.062429
792.035798
815.019983
838.010943
861.004619
883.996929
906.983772
929.961028
952.924559
975.870209
998.793808
1021.691171
1044.558098
1067.390378
1090.183787
1112.934092
1135.637048
1158.288404
1180.883901
1203.419274
1225.890252
1248.292562
1270.621927
1292.874067
1315.044705
1337.129561
1359.124359
1381.024825
1402.826689
1424.525687
1446.117560
1467.598059
1488.962940
1510.207972
1531.328935
1552.321618
1573.181828
1593.905382
1614.488116
1634.925881
1655.214547
1675.350003
1695.328159
1715.144944
1734.796313
1754.278243
1773.586735
1792.717820
1811.667551
1830.432014
1849.007321
1867.389618
1885.575079
1903.559915
1921.340368
1938.912715
1956.273272
1973.418390
1990.344457
2007.047905
2023.525201
2039.772858
2055.787428
2071.565509
2087.103743
2102.398818
2117.447466
2132.246469
2146.792657
2161.082909
2175.114155
2188.883376
2202.387605
2215.623928
2228.589486
2241.281473
2253.697140
2265.833795
2277.688801
2289.259583
2300.543621
2311.538456
2322.241692
2332.650990
2342.764076
2352.578736
2362.092823
2371.304250
2380.210996
2388.811107
2397.102692
2405.083928
2412.753058
2420.108394
2427.148314
2433.871265
2440.275765
2446.360399
2452.123822
2457.564762
2462.682013
2467.474445
2471.940995
2476.080676
2479.892570
2483.375832
2486.529689
2489.353443
2491.846467
2494.008208
2495.838186
2497.335996
2498.501303
2499.333851
2499.833454
2500.000000
2499.833454
2499.333851
2498.501303
2497.335996
2495.838186
2494.008208
2491.846467
2489.353443
2486.529689
2483.375832
2479.892570
2476.080676
2471.940995
2467.474445
2462.682013
2457.564762
2452.123822
2446.360399
2440.275765
2433.871265
2427.148314
2420.108394
2412.753058
2405.083928
2397.102692
2388.811107
2380.210996
2371.304250
2362.092823
2352.578736
2342.764076
2332.650990
2322.241692
2311.538456
2300.543621
2289.259583
2277.688801
2265.833795
2253.697140
2241.281473
2228.589486
2215.623928
2202.387605
2188.883376
2175.114155
2161.082909
2146.792657
2132.246469
2117.447466
2102.398818
2087.103743
2071.565509
2055.787428
2039.772858
2023.525201
2007.047905
1990.344457
1973.418390
1956.273272
1938.912715
1921.340368
1903.559915
1885.575079
1867.389618
1849.007321
1830.432014
1811.667551
1792.717820
1773.586735
1754.278243
1734.796313
1715.144944
1695.328159
1675.350003
1655.214547
1634.925881
1614.488116
1593.905382
1573.181828
1552.321618
1531.328935
1510.207972
1488.962940
1467.598059
1446.117560
1424.525687
1402.826689
1381.024825
1359.124359
1337.129561
1315.044705
1292.874067
1270.621927
1248.292562
1225.890252
1203.419274
1180.883901
1158.288404
1135.637048
1112.934092
1090.183787
1067.390378
1044.558098
1021.691171
998.793808
975.870209
952.924559
929.961028
906.983772
883.996929
861.004619
838.010943
815.019983
792.035798
769.062429
746.103890
723.164175
700.247250
677.357058
654.497514
631.672506
608.885893
586.141506
563.443146
540.794582
518.199552
495.661761
473.184880
450.772549
428.428369
406.155907
383.958695
361.840226
339.803956
317.853302
295.991642
274.222314
252.548615
230.973803
209.501091
188.133651
166.874614
145.727064
124.694043
103.778548
82.983531
62.311899
41.766511
21.350181
1.065676
-19.084285
-39.097031
-58.969939
-78.700433
-98.285990
-117.724131
-137.012431
-156.148513
-175.130050
-193.954766
-212.620435
-231.124884
-249.465989
-267.641678
-285.649930
-303.488778
-321.156304
-338.650643
-355.969983
-373.112563
-390.076675
-406.860662
-423.462923
-439.881904
-456.116108
-472.164088
-488.024450
-503.695853
-519.177007
-534.466676
-549.563673
-564.466868
-579.175178
-593.687574
-608.003079
-622.120768
-636.039764
-649.759246
-663.278440
-676.596624
-689.713128
-702.627329
-715.338657
-727.846591
-740.150657
-752.250434
-764.145548
-775.835672
-787.320529
-798.599890
-809.673573
-820.541441
-831.203408
-841.659431
-851.909513
-861.953704
-871.792099
-881.424836
-890.852098
-900.074113
-909.091151
-917.903524
-926.511589
-934.915741
-943.116420
-951.114105
-958.909315
-966.502610
-973.894589
-981.085888
-988.077183
-994.869188
-1001.462653
-1007.858364
-1014.057144
-1020.059851
-1025.867379
-1031.480653
-1036.900635
-1042.128319
-1047.164730
-1052.010926
-1056.667997
-1061.137063
-1065.419273
-1069.515806
-1073.427871
-1077.156703
-1080.703567
-1084.069752
-1087.256576
-1090.265381
-1093.097534
-1095.754428
-1098.237479
-1100.548124
-1102.687826
-1104.658067
-1106.460352
-1108.096207
-1109.567175
-1110.874822
-1112.020731
-1113.006502
-1113.833755
-1114.504126
-1115.019264
-1115.380840
-1115.590533
-1115.650042
-1115.561076
-1115.325360
-1114.944629
-1114.420631
-1113.755127
-1112.949885
-1112.006686
-1110.927321
-1109.713587
-1108.367292
-1106.890251
-1105.284286
-1103.551226
-1101.692906
-1099.711166
-1097.607851
-1095.384813
-1093.043903
-1090.586980
-1088.015903
-1085.332535
-1082.538739
-1079.636380
-1076.627326
-1073.513441
-1070.296592
-1066.978644
-1063.561461
-1060.046905
-1056.436837
-1052.733113
-1048.937588
-1045.052113
-1041.078534
-1037.018694
-1032.874430
-1028.647574
-1024.339954
-1019.953388
-1015.489692
-1010.950671
-1006.338126
-1001.653848
-996.899621
-992.077221
-987.188415
-982.234959
-977.218602
-972.141083
-967.004129
-961.809458
-956.558777
-951.253782
-945.896158
-940.487577
-935.029700
-929.524177
-923.972643
-918.376722
-912.738024
-907.058147
-901.338675
-895.581178
-889.787212
-883.958319
-878.096028
-872.201851
-866.277287
-860.323819
-854.342917
-848.336034
-842.304606
-836.250058
-830.173795
-824.077208
-817.961672
-811.828546
-805.679171
-799.514874
-793.336965
-787.146736
-780.945464
-774.734408
-768.514811
-762.287899
-756.054881
-749.816948
-743.575275
-737.331020
-731.085324
-724.839309
-718.594081
-712.350729
-706.110324
-699.873921
-693.642555
-687.417247
-681.198999
-674.988795
-668.787602
-662.596371
-656.416035
-650.247509
-644.091692
-637.949465
-631.821692
-625.709220
-619.612880
-613.533483
-607.471828
-601.428691
-595.404838
-589.401012
-583.417943
-577.456345
-571.516912
-565.600325
-559.707248
-553.838327
-547.994194
-542.175464
-536.382736
-530.616594
-524.877606
-519.166324
-513.483285
-507.829011
-502.204007
-496.608766
-491.043763
-485.509460
-480.006303
-474.534726
-469.095146
-463.687967
-458.313577
-452.972353
-447.664656
-442.390835
-437.151223
-431.946141
-426.775897
-421.640786
-416.541090
-411.477077
-406.449004
-401.457114
-396.501638
-391.582797
-386.700798
-381.855835
-377.048093
-372.277744
-367.544949
-362.849857
-358.192608
-353.573328
-348.992136
-344.449138
-339.944430
-335.478099
-331.050219
-326.660858
-322.310072
-317.997908
-313.724402
-309.489585
-305.293474
-301.136081
-297.017407
-292.937445
-288.896181
-284.893589
-280.929640
-277.004294
-273.117503
-269.269213
-265.459361
-261.687879
-257.954690
-254.259709
-250.602848
-246.984010
-243.403090
-239.859979
-236.354562
-232.886716
-229.456314
-226.063222
-222.707302
-219.388408
-216.106392
-212.861098
-209.652366
-206.480032
-203.343926
-200.243875
-197.179699
-194.151216
-191.158240
-188.200578
-185.278037
-182.390418
-179.537518
-176.719131
-173.935050
-171.185060
-168.468947
-165.786491
-163.137472
-160.521666
-157.938844
-155.388778
-152.871236
-150.385984
-147.932785
-145.511400
-143.121589
-140.763110
-138.435717
-136.139166
-133.873209
-131.637597
-129.432079
-127.256403
-125.110317
-122.993567
-120.905897
-118.847052
-116.816775
-114.814808
-112.840892
-110.894770
-108.976182
-107.084868
-105.220567
-103.383020
-101.571965
-99.787143
-98.028292
-96.295151
-94.587460
-92.904958
-91.247385
-89.614481
-88.005986
-86.421640
-84.861185
-83.324363
-81.810915
-80.320585
-78.853116
-77.408252
-75.985739
-74.585322
-73.206748
-71.849765
-70.514121
-69.199566
-67.905852
-66.632729
-65.379950
-64.147271
-62.934447
-61.741233
-60.567388
-59.412672
-58.276845
-57.159669
-56.060907
-54.980325
-53.917689
-52.872767
-51.845327
-50.835142
-49.841984
-48.865627
-47.905846
-46.962420
-46.035127
-45.123748
-44.228065
-43.347864
-42.482929
-41.633049
-40.798013
-39.977612
-39.171640
-38.379890
-37.602161
-36.838249
-36.087957
-35.351085
-34.627437
-33.916821
-33.219042
-32.533912
-31.861241
-31.200842
-30.552531
-29.916126
-29.291444
-28.678307
-28.076537
-27.485960
-26.906401
-26.337689
-25.779655
-25.232129
-24.694948
-24.167945
-23.650960
-23.143831
-22.646401
-22.158512
-21.680010
-21.210741
-20.750556
-20.299304
-19.856837
-19.423011
-18.997682
-18.580707
-18.171946
-17.771261
-17.378515
-16.993573
-16.616302
-16.246571
-15.884250
-15.529211
-15.181327
-14.840474
-14.506530
-14.179373
-13.858884
-13.544945
-13.237439
-12.936252
-12.641271
-12.352386
-12.069485
-11.792460
-11.521206
-11.255618
-10.995590
-10.741023
-10.491815
-10.247866
-10.009081
-9.775362
-9.546615
-9.322747
-9.103666
-8.889283
-8.679507
-8.474252
-8.273432
-8.076961
-7.884756
-7.696736
-7.512818
-7.332925
-7.156978
-6.984899
-6.816613
-6.652046
-6.491124
-6.333776
-6.179930
-6.029517
-5.882469
-5.738718
-5.598198
-5.460844
-5.326593
-5.195380
-5.067146
-4.941828
-4.819367
-4.699706
-4.582785
-4.468550
-4.356943
-4.247911
-4.141401
-4.037358
-3.935733
-3.836474
-3.739531
-3.644856
-3.552400
-3.462116
-3.373959
-3.287882
-3.203842
-3.121793
-3.041695
-2.963504
-2.887179
-2.812680
-2.739967
-2.669001
-2.599744
-2.532158
-2.466206
-2.401853
-2.339063
-2.277802
-2.218035
-2.159729
-2.102851
-2.047370
-1.993254
-1.940472
-1.888994
-1.838791
-1.789834
-1.742093
-1.695543
-1.650155
-1.605902
-1.562759
-1.520700
-1.479700
-1.439734
-1.400778
-1.362810
-1.325805
-1.289741
-1.254597
-1.220350
-1.186980
-1.154465
-1.122786
-1.091922
-1.061855
-1.032564
-1.004033
-0.976241
-0.949173
-0.922809
-0.897134
-0.872131
-0.847782
-0.824073
-0.800988
-0.778512
-0.756629
-0.735325
-0.714586
-0.694398
-0.674747
-0.655620
-0.637004
-0.618887
-0.601256
-0.584098
-0.567402
-0.551157
-0.535350
-0.519972
-0.505010
-0.490455
-0.476297
-0.462524
-0.449128
-0.436099
-0.423427
-0.411103
-0.399119
-0.387465
-0.376133
-0.365114
-0.354402
-0.343987
-0.333861
-0.324018
-0.314450
-0.305150
-0.296110
-0.287324
-0.278785
-0.270487
-0.262424
-0.254588
-0.246974
-0.239576
-0.232389
-0.225406
-0.218623
-0.212033
-0.205633
-0.199415
-0.193377
-0.187512
-0.181816
-0.176285
-0.170913
-0.165698
-0.160633
-0.155716
-0.150943
-0.146308
-0.141809
-0.137442
-0.133203
-0.129088
-0.125094
-0.121218
-0.117457
-0.113807
-0.110265
-0.106828
-0.103493
-0.100257
-0.097118
-0.094073
-0.091118
-0.088253
-0.085473
-0.082777
-0.080162
-0.077626
-0.075166
-0.072781
-0.070469
-0.068226
-0.066052
-0.063944
-0.061900
-0.059919
-0.057998
-0.056136
-0.054332
-0.052582
-0.050887
-0.049244
-0.047652
-0.046109
-0.044614
-0.043165
-0.041761
-0.040401
-0.039084
-0.037808
-0.036571
-0.035373
-0.034213
-0.033090
-0.032001
-0.030947
-0.029927
-0.028938
-0.027981
-0.027054
-0.026157
-0.025288
-0.024447
-0.023633
-0.022845
-0.022082
-0.021344
-0.020629
-0.019937
-0.019268
-0.018620
-0.017993
-0.017386
-0.016799
-0.016231
-0.015681
-0.015150
-0.014635
-0.014138
-0.013657
-0.013191
-0.012741
-0.012305
-0.011884
-0.011477
-0.011083
-0.010702
-0.010334
-0.009978
-0.009634
-0.009301
-0.008979
-0.008668
-0.008368
-0.008077
-0.007796
-0.007525
-0.007262
-0.007009
-0.006764
-0.006527
-0.006298
-0.006077
-0.005864
-0.005657
-0.005458
-0.005265
-0.005079
-0.004900
-0.004726
-0.004559
-0.004397
-0.004240
-0.004090
-0.003944
-0.003803
-0.003667
-0.003536
-0.003409
-0.003287
-0.003169
-0.003055
-0.002945
-0.002839
-0.002736
-0.002637
-0.002542
-0.002450
-0.002361
-0.002275
-0.002192
-0.002113
-0.002036
-0.001961
-0.001890
-0.001820
-0.001754
-0.001689
-0.001627
-0.001567
-0.001510
-0.001454
-0.001400
-0.001349
-0.001299
-0.001251
-0.001204
-0.001159
-0.001116
-0.001075
-0.001035
-0.000996
-0.000959
-0.000923
-0.000888
-0.000855
-0.000823
-0.000792
-0.000762
-0.000733
-0.000706
-0.000679
-0.000653
-0.000629
-0.000605
-0.000582
-0.000560
-0.000539
-0.000518
-0.000498
-0.000479
-0.000461
-0.000443
-0.000426
-0.000410
-0.000394
-0.000379
-0.000364
-0.000350
-0.000337
-0.000324
-0.000311
-0.000299
-0.000288
-0.000276
-0.000266
-0.000255
-0.000245
-0.000236
-0.000227
-0.000218
-0.000209
-0.000201
-0.000193
-0.000186
-0.000178
-0.000171
-0.000165
-0.000158
-0.000152
-0.000146
-0.000140
-0.000135
-0.000129
-0.000124
-0.000119
-0.000114
-0.000110
-0.000105
-0.000101
-0.000097
-0.000093
-0.000090
-0.000086
-0.000082
-0.000079
-0.000076
-0.000073
-0.000070
-0.000067
-0.000064
-0.000062
-0.000059
-0.000057
-0.000055
-0.000052
-0.000050
-0.000048
-0.000046
-0.000044
-0.000043
-0.000041
-0.000039
-0.000038
-0.000036
-0.000035
-0.000033
-0.000032
-0.000030
-0.000029
-0.000028
-0.000027
-0.000026
-0.000025
-0.000026
-0.000027
-0.000028
-0.000029
-0.000030
-0.000032
-0.000033
-0.000035
-0.000036
-0.000038
-0.000039
-0.000041
-0.000043
-0.000044
-0.000046
-0.000048
-0.000050
-0.000052
-0.000055
-0.000057
-0.000059
-0.000062
-0.000064
-0.000067
-0.000070
-0.000073
-0.000076
-0.000079
-0.000082
-0.000086
-0.000090
-0.000093
-0.000097
-0.000101
-0.000105
-0.000110
-0.000114
-0.000119
-0.000124
-0.000129
-0.000135
-0.000140
-0.000146
-0.000152
-0.000158
-0.000165
-0.000171
-0.000178
-0.000186
-0.000193
-0.000201
-0.000209
-0.000218
-0.000227
-0.000236
-0.000245
-0.000255
-0.000266
-0.000276
-0.000288
-0.000299
-0.000311
-0.000324
-0.000337
-0.000350
-0.000364
-0.000379
-0.000394
-0.000410
-0.000426
-0.000443
-0.000461
-0.000479
-0.000498
-0.000518
-0.000539
-0.000560
-0.000582
-0.000605
-0.000629
-0.000653
-0.000679
-0.000706
-0.000733
-0.000762
-0.000792
-0.000823
-0.000855
-0.000888
-0.000923
-0.000959
-0.000996
-0.001035
-0.001075
-0.001116
-0.001159
-0.001204
-0.001251
-0.001299
-0.001349
-0.001400
-0.001454
-0.001510
-0.001567
-0.001627
-0.001689
-0.001754
-0.001820
-0.001890
-0.001961
-0.002036
-0.002113
-0.002192
-0.002275
-0.002361
-0.002450
-0.002542
-0.002637
-0.002736
-0.002839
-0.002945
-0.003055
-0.003169
-0.003287
-0.003409
-0.003536
-0.003667
-0.003803
-0.003944
-0.004090
-0.004240
-0.004397
-0.004559
-0.004726
-0.004900
-0.005079
-0.005265
-0.005458
-0.005657
-0.005864
-0.006077
-0.006298
-0.006527
-0.006764
-0.007009
-0.007262
-0.007525
-0.007796
-0.008077
-0.008368
-0.008668
-0.008979
-0.009301
-0.009634
-0.009978
-0.010334
-0.010702
-0.011083
-0.011477
-0.011884
-0.012305
-0.012741
-0.013191
-0.013657
-0.014138
-0.014635
-0.015150
-0.015681
-0.016231
-0.016799
-0.017386
-0.017993
-0.018620
-0.019268
-0.019937
-0.020629
-0.021344
-0.022082
-0.022845
-0.023633
-0.024447
-0.025288
-0.026157
-0.027054
-0.027981
-0.028938
-0.029927
-0.030947
-0.032001
-0.033090
-0.034213
-0.035373
-0.036571
-0.037808
-0.039084
-0.040401
-0.041761
-0.043165
-0.044614
-0.046109
-0.047652
-0.049244
-0.050887
-0.052582
-0.054332
-0.056136
-0.057998
-0.059919
-0.061900
-0.063944
-0.066052
-0.068226
-0.070469
-0.072781
-0.075166
-0.077626
-0.080162
-0.082777
-0.085473
-0.088253
-0.091118
-0.094073
-0.097118
-0.100257
-0.103493
-0.106828
-0.110265
-0.113807
-0.117457
-0.121218
-0.125094
-0.129088
-0.133203
-0.137442
-0.141809
-0.146308
-0.150943
-0.155716
-0.160633
-0.165698
-0.170913
-0.176285
-0.181816
-0.187512
-0.193377
-0.199415
-0.205633
-0.212033
-0.218623
-0.225406
-0.232389
-0.239576
-0.246974
-0.254588
-0.262424
-0.270487
-0.278785
-0.287324
-0.296110
-0.305150
-0.314450
-0.324018
-0.333861
-0.343987
-0.354402
-0.365114
-0.376133
-0.387465
-0.399119
-0.411103
-0.423427
-0.436099
-0.449128
-0.462524
-0.476297
-0.490455
-0.505010
-0.519972
-0.535350
-0.551157
-0.567402
-0.584098
-0.601256
-0.618887
-0.637004
-0.655620
-0.674747
-0.694398
-0.714586
-0.735325
-0.756629
-0.778512
-0.800988
-0.824073
-0.847782
-0.872131
-0.897134
-0.922809
-0.949173
