0.0
-0.000246237
-0.000283514
-0.000326265
-0.000375267
-0.000431407
-0.000495687
-0.000569251
-0.000653394
-0.000749585
-0.000859491
-0.000985
-0.001128252
-0.001291667
-0.001477982
-0.001690293
-0.001932099
-0.002207347
-0.002520497
-0.002876574
-0.003281247
-0.003740899
-0.00426272
-0.004854799
-0.005526234
-0.006287249
-0.007149331
-0.008125374
-0.009229846
-0.010478969
-0.011890924
-0.013486073
-0.015287206
-0.01731982
-0.019612418
-0.022196848
-0.025108673
-0.028387584
-0.032077844
-0.036228794
-0.040895398
-0.046138847
-0.052027224
-0.058636234
-0.066050007
-0.074361976
-0.083675846
-0.094106649
-0.105781907
-0.118842897
-0.13344604
-0.149764419
-0.16798943
-0.188332596
-0.211027529
-0.236332081
-0.264530681
-0.295936874
-0.330896087
-0.369788626
-0.413032938
-0.46108914
-0.514462844
-0.573709305
-0.639437901
-0.712316977
-0.793079081
-0.882526604
-0.981537878
-1.091073724
-1.212184518
-1.346017781
-1.493826335
-1.65697706
-1.836960287
-2.035399859
-2.254063909
-2.494876379
-2.75992934
-3.051496134
-3.372045396
-3.724255991
-4.111032919
-4.535524215
-5.001138916
-5.511566115
-6.070795159
-6.683137045
-7.353247034
-8.08614856
-8.887258444
-9.762413481
-10.71789843
-11.76047543
-12.89741492
-14.13652803
-15.48620054
-16.95542841
-18.55385482
-20.2918089
-22.18034602
-24.23128965
-26.45727493
-28.87179367
-31.48924112
-34.32496405
-37.39531052
-40.717681
-44.31058083
-48.1936741
-52.38783859
-56.91522193
-61.79929869
-67.06492825
-72.73841351
-78.84755988
-85.42173481
-92.49192724
-100.090807
-108.2527837
-117.0140652
-126.4127147
-136.4887069
-147.2839821
-158.8424986
-171.2102825
-184.4354744
-198.5683734
-213.6614761
-229.7695126
-246.9494769
-265.2606516
-284.7646271
-305.5253141
-327.6089488
-351.0840895
-376.021606
-402.4946581
-430.5786653
-460.3512654
-491.8922612
-525.2835557
-560.6090737
-597.9546702
-637.4080237
-679.0585152
-722.9970901
-769.3161044
-818.1091529
-869.4708794
-923.4967685
-980.2829176
-1039.925789
-1102.521944
-1168.167747
-1236.959065
-1308.990927
-1384.357174
-1463.150079
-1545.459954
-1631.374723
-1720.979483
-1814.356034
-1911.582397
-2012.732303
-2117.874662
-2227.073017
-2340.384975
-2457.861616
-2579.546895
-2705.477019
-2835.679813
-2970.174072
-3108.968908
-3252.063075
-3399.444304
-3551.088617
-3706.959652
-3867.007977
-4031.170419
-4199.36939
-4371.512225
-4547.490536
-4727.179575
-4910.437627
-5097.105415
-5287.005537
-5479.941938
-5675.69941
-5874.043137
-6074.718275
-6277.449592
-6481.941144
-6687.876023
-6894.916148
-7102.702139
-7310.853238
-7518.96732
-7726.620972
-7933.369651
-8138.747925
-8342.269807
-8543.429171
-8741.700265
-8936.538316
-9127.38024
-9313.645441
-9494.736721
-9670.041286
-9838.931859
-10000.7679
-10154.89692
-10300.6559
-10437.37284
-10564.36837
-10680.95745
-10786.45125
-10880.15903
-10961.39014
-11029.45613
-11083.67292
-11123.36304
-11147.85795
-11156.50042
-11148.64697
-11123.67035
-11080.96207
-11019.93494
-10940.0257
-10840.69752
-10721.4427
-10581.78519
-10421.28319
-10239.53166
-10036.16489
-9810.858877
-9563.333751
-9293.356089
-9000.741133
-8685.354925
-8347.116323
-7985.998902
-7602.032716
-7195.305922
-6765.966244
-6314.222276
-5840.344606
-5344.666756
-4827.58593
-4289.563558
-3731.125627
-3152.862803
-2555.430322
-1939.547656
-1305.997945
-655.6271965
10.65676226
691.8855632
1387.031823
2095.010907
2814.682932
3544.855003
4284.283686
5031.677705
5785.700856
6544.97514
7308.0841
8073.576351
8839.969294
9605.75301
10369.39431
11129.34092
11884.02583
12631.87174
13371.29561
14100.71328
14818.54421
15523.21618
16213.17016
16886.86503
17542.78243
18179.4315
18795.35364
19389.12715
19959.37184
20504.75347
21023.98818
21515.84664
21979.1582
22412.81473
22815.77435
23187.06492
23525.78736
23831.11865
24102.31466
24338.71265
24539.73361
24704.88417
24833.75832
24926.03882
24981.4983
25000
24981.4983
24926.03882
24833.75832
24704.88417
24539.73361
24338.71265
24102.31466
23831.11865
23525.78736
23187.06492
22815.77435
22412.81473
21979.1582
21515.84664
21023.98818
20504.75347
19959.37184
19389.12715
18795.35364
18179.4315
17542.78243
16886.86503
16213.17016
15523.21618
14818.54421
14100.71328
13371.29561
12631.87174
11884.02583
11129.34092
10369.39431
9605.75301
8839.969294
8073.576351
7308.0841
6544.97514
5785.700856
5031.677705
4284.283686
3544.855003
2814.682932
2095.010907
1387.031823
691.8855632
10.65676226
-655.6271965
-1305.997945
-1939.547656
-2555.430322
-3152.862803
-3731.125627
-4289.563558
-4827.58593
-5344.666756
-5840.344606
-6314.222276
-6765.966244
-7195.305922
-7602.032716
-7985.998902
-8347.116323
-8685.354925
-9000.741133
-9293.356089
-9563.333751
-9810.858877
-10036.16489
-10239.53166
-10421.28319
-10581.78519
-10721.4427
-10840.69752
-10940.0257
-11019.93494
-11080.96207
-11123.67035
-11148.64697
-11156.50042
-11147.85795
-11123.36304
-11083.67292
-11029.45613
-10961.39014
-10880.15903
-10786.45125
-10680.95745
-10564.36837
-10437.37284
-10300.6559
-10154.89692
-10000.7679
-9838.931859
-9670.041286
-9494.736721
-9313.645441
-9127.38024
-8936.538316
-8741.700265
-8543.429171
-8342.269807
-8138.747925
-7933.369651
-7726.620972
-7518.96732
-7310.853238
-7102.702139
-6894.916148
-6687.876023
-6481.941144
-6277.449592
-6074.718275
-5874.043137
-5675.69941
-5479.941938
-5287.005537
-5097.105415
-4910.437627
-4727.179575
-4547.490536
-4371.512225
-4199.36939
-4031.170419
-3867.007977
-3706.959652
-3551.088617
-3399.444304
-3252.063075
-3108.968908
-2970.174072
-2835.679813
-2705.477019
-2579.546895
-2457.861616
-2340.384975
-2227.073017
-2117.874662
-2012.732303
-1911.582397
-1814.356034
-1720.979483
-1631.374723
-1545.459954
-1463.150079
-1384.357174
-1308.990927
-1236.959065
-1168.167747
-1102.521944
-1039.925789
-980.2829176
-923.4967685
-869.4708794
-818.1091529
-769.3161044
-722.9970901
-679.0585152
-637.4080237
-597.9546702
-560.6090737
-525.2835557
-491.8922612
-460.3512654
-430.5786653
-402.4946581
-376.021606
-351.0840895
-327.6089488
-305.5253141
-284.7646271
-265.2606516
-246.9494769
-229.7695126
-213.6614761
-198.5683734
-184.4354744
-171.2102825
-158.8424986
-147.2839821
-136.4887069
-126.4127147
-117.0140652
-108.2527837
-100.090807
-92.49192724
-85.42173481
-78.84755988
-72.73841351
-67.06492825
-61.79929869
-56.91522193
-52.38783859
-48.1936741
-44.31058083
-40.717681
-37.39531052
-34.32496405
-31.48924112
-28.87179367
-26.45727493
-24.23128965
-22.18034602
-20.2918089
-18.55385482
-16.95542841
-15.48620054
-14.13652803
-12.89741492
-11.76047543
-10.71789843
-9.762413481
-8.887258444
-8.08614856
-7.353247034
-6.683137045
-6.070795159
-5.511566115
-5.001138916
-4.535524215
-4.111032919
-3.724255991
-3.372045396
-3.051496134
-2.75992934
-2.494876379
-2.254063909
-2.035399859
-1.836960287
-1.65697706
-1.493826335
-1.346017781
-1.212184518
-1.091073724
-0.981537878
-0.882526604
-0.793079081
-0.712316977
-0.639437901
-0.573709305
-0.514462844
-0.46108914
-0.413032938
-0.369788626
-0.330896087
-0.295936874
-0.264530681
-0.236332081
-0.211027529
-0.188332596
-0.16798943
-0.149764419
-0.13344604
-0.118842897
-0.105781907
-0.094106649
-0.083675846
-0.074361976
-0.066050007
-0.058636234
-0.052027224
-0.046138847
-0.040895398
-0.036228794
-0.032077844
-0.028387584
-0.025108673
-0.022196848
-0.019612418
-0.01731982
-0.015287206
-0.013486073
-0.011890924
-0.010478969
-0.009229846
-0.008125374
-0.007149331
-0.006287249
-0.005526234
-0.004854799
-0.00426272
-0.003740899
-0.003281247
-0.002876574
-0.002520497
-0.002207347
-0.001932099
-0.001690293
-0.001477982
-0.001291667
-0.001128252
-0.000985
-0.000859491
-0.000749585
-0.000653394
-0.000569251
-0.000495687
-0.000431407
-0.000375267
-0.000326265
-0.000283514
-0.000246237
-0.000213751
-0.000185455
-0.000160822
-0.000139388
-0.000120749
-0.000104548
-9.05E-05
-7.83E-05
-6.77E-05
-5.85E-05
-5.05E-05
-4.36E-05
-3.76E-05
-3.24E-05
-2.79E-05
-2.41E-05
-2.07E-05
-1.78E-05
-1.53E-05
-1.32E-05
-1.13E-05
-9.72E-06
-8.34E-06
-7.16E-06
-6.14E-06
-5.26E-06
-4.51E-06
-3.86E-06
-3.30E-06
-2.82E-06
-2.41E-06
-2.06E-06
-1.76E-06
-1.50E-06
-1.28E-06
-1.09E-06
-9.31E-07
-7.93E-07
-6.75E-07
-5.74E-07
-4.88E-07
-4.15E-07
-3.53E-07
-2.99E-07
-2.54E-07
-2.15E-07
-1.83E-07
-1.55E-07
-1.31E-07
-1.11E-07
-9.39E-08
-7.94E-08
-6.71E-08
-5.67E-08
-4.79E-08
-4.04E-08
-3.41E-08
-2.87E-08
-2.42E-08
-2.04E-08
-1.72E-08
-1.44E-08
-1.21E-08
-1.02E-08
-8.57E-09
-7.20E-09
-6.04E-09
-5.07E-09
-4.25E-09
-3.56E-09
-2.98E-09
-2.49E-09
-2.09E-09
-1.75E-09
-1.46E-09
-1.22E-09
-1.02E-09
-8.49E-10
-7.08E-10
-5.90E-10
-4.92E-10
-4.10E-10
-3.41E-10
-2.84E-10
-2.36E-10
-1.96E-10
-1.63E-10
-1.35E-10
-1.12E-10
-9.31E-11
-7.72E-11
-6.39E-11
-5.29E-11
-4.38E-11
-3.63E-11
-3.00E-11
-2.48E-11
-2.05E-11
-1.69E-11
-1.39E-11
-1.15E-11
-9.49E-12
-7.82E-12
-6.44E-12
-5.30E-12
-4.36E-12
-3.58E-12
-2.95E-12
-2.42E-12
-1.99E-12
-1.63E-12
-1.34E-12
-1.10E-12
-8.99E-13
-7.36E-13
-6.03E-13
-4.93E-13
-4.03E-13
-3.29E-13
-2.69E-13
-2.20E-13
-1.79E-13
-1.46E-13
-1.19E-13
-9.72E-14
-7.92E-14
-6.45E-14
-5.24E-14
-4.26E-14
-3.47E-14
-2.82E-14
-2.29E-14
-1.86E-14
-1.51E-14
-1.22E-14
-9.89E-15
-8.01E-15
-6.49E-15
-5.25E-15
-4.24E-15
-3.43E-15
-2.77E-15
-2.24E-15
-1.81E-15
-1.46E-15
-1.17E-15
-9.47E-16
-7.63E-16
-6.14E-16
-4.94E-16
-3.97E-16
-3.19E-16
-2.57E-16
-2.06E-16
-1.65E-16
-1.33E-16
-1.06E-16
-8.53E-17
-6.83E-17
-5.47E-17
-4.38E-17
-3.50E-17
-2.80E-17
-2.24E-17
-1.79E-17
-1.43E-17
-1.14E-17
-9.07E-18
-7.23E-18
-5.76E-18
-4.58E-18
-3.65E-18
-2.90E-18
-2.31E-18
-1.83E-18
-1.46E-18
-1.16E-18
-9.17E-19
-7.27E-19
-5.76E-19
-4.57E-19
-3.62E-19
-2.86E-19
-2.26E-19
-1.79E-19
-1.41E-19
-1.12E-19
-8.82E-20
-6.96E-20
-5.49E-20
-4.32E-20
-3.41E-20
-2.68E-20
-2.11E-20
-1.66E-20
-1.31E-20
-1.03E-20
-8.06E-21
-6.33E-21
-4.97E-21
-3.90E-21
-3.05E-21
-2.39E-21
-1.87E-21
-1.47E-21
-1.15E-21
-8.97E-22
-7.01E-22
-5.48E-22
-4.28E-22
-3.34E-22
-2.60E-22
-2.03E-22
-1.58E-22
-1.23E-22
-9.59E-23
-7.46E-23
-5.80E-23
-4.51E-23
-3.50E-23
-2.72E-23
-2.11E-23
-1.64E-23
-1.27E-23
-9.84E-24
-7.62E-24
-5.90E-24
-4.56E-24
-3.53E-24
-2.73E-24
-2.11E-24
-1.63E-24
-1.26E-24
-9.69E-25
-7.47E-25
-5.76E-25
-4.44E-25
-3.42E-25
-2.63E-25
-2.02E-25
-1.55E-25
-1.19E-25
-9.17E-26
-7.04E-26
-5.40E-26
-4.14E-26
-3.17E-26
-2.43E-26
-1.86E-26
-1.42E-26
-1.09E-26
-8.33E-27
-6.37E-27
-4.86E-27
-3.71E-27
-2.83E-27
-2.16E-27
-1.65E-27
-1.25E-27
-9.55E-28
-7.27E-28
-5.53E-28
-4.20E-28
-3.20E-28
-2.43E-28
-1.84E-28
-1.40E-28
-1.06E-28
-8.04E-29
-6.09E-29
-4.61E-29
-3.49E-29
-2.64E-29
-2.00E-29
-1.51E-29
-1.14E-29
-8.61E-30
-6.50E-30
-4.90E-30
-3.69E-30
-2.78E-30
-2.10E-30
-1.58E-30
-1.19E-30
-8.93E-31
-6.71E-31
-5.04E-31
-3.79E-31
-2.84E-31
-2.13E-31
-1.60E-31
-1.20E-31
-8.97E-32
-6.72E-32
-5.03E-32
-3.76E-32
-2.81E-32
-2.10E-32
-1.57E-32
-1.17E-32
-8.73E-33
-6.51E-33
-4.85E-33
-3.61E-33
-2.69E-33
-2.00E-33
-1.49E-33
-1.11E-33
-8.23E-34
-6.11E-34
-4.54E-34
-3.37E-34
-2.50E-34
-1.85E-34
-1.37E-34
-1.01E-34
-7.51E-35
-5.56E-35
-4.11E-35
-3.04E-35
-2.24E-35
-1.66E-35
-1.22E-35
-9.01E-36
-6.64E-36
-4.89E-36
-3.60E-36
-2.65E-36
-1.95E-36
-1.43E-36
-1.05E-36
-7.74E-37
-5.69E-37
-4.17E-37
-3.06E-37
-2.24E-37
-1.64E-37
-1.20E-37
-8.82E-38
-6.45E-38
-4.72E-38
-3.45E-38
-2.52E-38
-1.84E-38
-1.34E-38
-9.79E-39
-7.14E-39
-5.20E-39
-3.79E-39
-2.76E-39
-2.01E-39
-1.46E-39
-1.06E-39
-7.71E-40
-5.60E-40
-4.07E-40
-2.95E-40
-2.14E-40
-1.55E-40
-1.12E-40
-8.13E-41
-5.88E-41
-4.26E-41
-3.08E-41
-2.22E-41
-1.61E-41
-1.16E-41
-8.36E-42
-6.03E-42
-4.35E-42
-3.13E-42
-2.26E-42
-1.62E-42
-1.17E-42
-8.40E-43
-6.03E-43
-4.33E-43
-3.11E-43
-2.23E-43
-1.60E-43
-1.15E-43
-8.23E-44
-5.89E-44
-4.22E-44
-3.02E-44
-2.16E-44
-1.54E-44
-1.10E-44
-7.87E-45
-5.61E-45
-4.00E-45
-2.85E-45
-2.03E-45
-1.45E-45
-1.03E-45
-7.34E-46
-5.22E-46
-3.71E-46
-2.64E-46
-1.87E-46