  -5.2282973e-17
  -4.0470786e-03
  -8.6014339e-03
  -1.3722686e-02
  -1.9476939e-02
  -2.5937416e-02
  -3.3185155e-02
  -4.1309762e-02
  -5.0410220e-02
  -6.0595776e-02
  -7.1986889e-02
  -8.4716261e-02
  -9.8929937e-02
  -1.1478850e-01
  -1.3246836e-01
  -1.5216310e-01
  -1.7408497e-01
  -1.9846647e-01
  -2.2556199e-01
  -2.5564966e-01
  -2.8903320e-01
  -3.2604402e-01
  -3.6704329e-01
  -4.1242432e-01
  -4.6261489e-01
  -5.1807986e-01
  -5.7932385e-01
  -6.4689404e-01
  -7.2138320e-01
  -8.0343271e-01
  -8.9373593e-01
  -9.9304149e-01
  -1.1021569e+00
  -1.2219522e+00
  -1.3533637e+00
  -1.4973979e+00
  -1.6551358e+00
  -1.8277365e+00
  -2.0164421e+00
  -2.2225815e+00
  -2.4475749e+00
  -2.6929386e+00
  -2.9602889e+00
  -3.2513473e+00
  -3.5679441e+00
  -3.9120236e+00
  -4.2856481e+00
  -4.6910021e+00
  -5.1303968e+00
  -5.6062734e+00
  -6.1212075e+00
  -6.6779118e+00
  -7.2792401e+00
  -7.9281893e+00
  -8.6279021e+00
  -9.3816689e+00
  -1.0192929e+01
  -1.1065271e+01
  -1.2002434e+01
  -1.3008305e+01
  -1.4086920e+01
  -1.5242459e+01
  -1.6479243e+01
  -1.7801733e+01
  -1.9214519e+01
  -2.0722318e+01
  -2.2329965e+01
  -2.4042400e+01
  -2.5864664e+01
  -2.7801879e+01
  -2.9859243e+01
  -3.2042007e+01
  -3.4355460e+01
  -3.6804912e+01
  -3.9395674e+01
  -4.2133031e+01
  -4.5022221e+01
  -4.8068408e+01
  -5.1276653e+01
  -5.4651885e+01
  -5.8198868e+01
  -6.1922164e+01
  -6.5826102e+01
  -6.9914736e+01
  -7.4191807e+01
  -7.8660701e+01
  -8.3324405e+01
  -8.8185461e+01
  -9.3245922e+01
  -9.8507306e+01
  -1.0397054e+02
  -1.0963592e+02
  -1.1550305e+02
  -1.2157079e+02
  -1.2783724e+02
  -1.3429962e+02
  -1.4095429e+02
  -1.4779665e+02
  -1.5482112e+02
  -1.6202108e+02
  -1.6938880e+02
  -1.7691546e+02
  -1.8459104e+02
  -1.9240430e+02
  -2.0034278e+02
  -2.0839272e+02
  -2.1653906e+02
  -2.2476538e+02
  -2.3305394e+02
  -2.4138562e+02
  -2.4973992e+02
  -2.5809497e+02
  -2.6642752e+02
  -2.7471297e+02
  -2.8292538e+02
  -2.9103747e+02
  -2.9902073e+02
  -3.0684536e+02
  -3.1448041e+02
  -3.2189379e+02
  -3.2905237e+02
  -3.3592203e+02
  -3.4246777e+02
  -3.4865379e+02
  -3.5444362e+02
  -3.5980021e+02
  -3.6468606e+02
  -3.6906337e+02
  -3.7289415e+02
  -3.7614040e+02
  -3.7876426e+02
  -3.8072814e+02
  -3.8199495e+02
  -3.8252822e+02
  -3.8229233e+02
  -3.8125266e+02
  -3.7937578e+02
  -3.7662967e+02
  -3.7298392e+02
  -3.6840986e+02
  -3.6288085e+02
  -3.5637239e+02
  -3.4886237e+02
  -3.4033122e+02
  -3.3076213e+02
  -3.2014118e+02
  -3.0845756e+02
  -2.9570371e+02
  -2.8187547e+02
  -2.6697222e+02
  -2.5099702e+02
  -2.3395673e+02
  -2.1586210e+02
  -1.9672786e+02
  -1.7657280e+02
  -1.5541982e+02
  -1.3329597e+02
  -1.1023246e+02
  -8.6264646e+01
  -6.1432053e+01
  -3.5778286e+01
  -9.3509877e+00
   1.7798250e+01
   4.5613991e+01
   7.4037081e+01
   1.0300480e+02
   1.3245102e+02
   1.6230641e+02
   1.9249863e+02
   2.2295257e+02
   2.5359061e+02
   2.8433283e+02
   3.1509735e+02
   3.4580062e+02
   3.7635767e+02
   4.0668252e+02
   4.3668844e+02
   4.6628834e+02
   4.9539507e+02
   5.2392184e+02
   5.5178252e+02
   5.7889205e+02
   6.0516676e+02
   6.3052476e+02
   6.5488628e+02
   6.7817403e+02
   7.0031354e+02
   7.2123348e+02
   7.4086601e+02
   7.5914706e+02
   7.7601663e+02
   7.9141908e+02
   8.0530337e+02
   8.1762329e+02
   8.2833771e+02
   8.3741073e+02
   8.4481189e+02
   8.5051625e+02
   8.5450460e+02
   8.5676346e+02
   8.5728521e+02
   8.5606808e+02
   8.5311618e+02
   8.4843948e+02
   8.4205377e+02
   8.3398057e+02
   8.2424702e+02
   8.1288580e+02
   7.9993490e+02
   7.8543753e+02
   7.6944184e+02
   7.5200075e+02
   7.3317168e+02
   7.1301628e+02
   6.9160016e+02
   6.6899262e+02
   6.4526625e+02
   6.2049672e+02
   5.9476234e+02
   5.6814377e+02
   5.4072365e+02
   5.1258626e+02
   4.8381712e+02
   4.5450268e+02
   4.2472992e+02
   3.9458598e+02
   3.6415788e+02
   3.3353207e+02
   3.0279418e+02
   2.7202864e+02
   2.4131837e+02
   2.1074450e+02
   1.8038607e+02
   1.5031971e+02
   1.2061948e+02
   9.1356513e+01
   6.2598899e+01
   3.4411418e+01
   6.8553855e+00
  -2.0011516e+01
  -4.6135374e+01
  -7.1466164e+01
  -9.5957849e+01
  -1.1956845e+02
  -1.4226011e+02
  -1.6399913e+02
  -1.8475595e+02
  -2.0450520e+02
  -2.2322562e+02
  -2.4090006e+02
  -2.5751538e+02
  -2.7306241e+02
  -2.8753581e+02
  -3.0093402e+02
  -3.1325909e+02
  -3.2451654e+02
  -3.3471528e+02
  -3.4386736e+02
  -3.5198788e+02
  -3.5909478e+02
  -3.6520867e+02
  -3.7035263e+02
  -3.7455205e+02
  -3.7783441e+02
  -3.8022908e+02
  -3.8176715e+02
  -3.8248123e+02
  -3.8240524e+02
  -3.8157423e+02
  -3.8002417e+02
  -3.7779182e+02
  -3.7491448e+02
  -3.7142986e+02
  -3.6737590e+02
  -3.6279062e+02
  -3.5771196e+02
  -3.5217759e+02
  -3.4622487e+02
  -3.3989061e+02
  -3.3321105e+02
  -3.2622167e+02
  -3.1895713e+02
  -3.1145116e+02
  -3.0373649e+02
  -2.9584477e+02
  -2.8780647e+02
  -2.7965090e+02
  -2.7140607e+02
  -2.6309874e+02
  -2.5475432e+02
  -2.4639686e+02
  -2.3804906e+02
  -2.2973224e+02
  -2.2146636e+02
  -2.1326998e+02
  -2.0516031e+02
  -1.9715322e+02
  -1.8926324e+02
  -1.8150363e+02
  -1.7388634e+02
  -1.6642212e+02
  -1.5912051e+02
  -1.5198988e+02
  -1.4503752e+02
  -1.3826962e+02
  -1.3169137e+02
  -1.2530697e+02
  -1.1911972e+02
  -1.1313204e+02
  -1.0734552e+02
  -1.0176099e+02
  -9.6378569e+01
  -9.1197699e+01
  -8.6217213e+01
  -8.1435373e+01
  -7.6849924e+01
  -7.2458141e+01
  -6.8256872e+01
  -6.4242583e+01
  -6.0411405e+01
  -5.6759168e+01
  -5.3281445e+01
  -4.9973589e+01
  -4.6830767e+01
  -4.3847992e+01
  -4.1020160e+01
  -3.8342073e+01
  -3.5808471e+01
  -3.3414056e+01
  -3.1153516e+01
  -2.9021545e+01
  -2.7012868e+01
  -2.5122253e+01
  -2.3344531e+01
  -2.1674610e+01
  -2.0107490e+01
  -1.8638270e+01
  -1.7262161e+01
  -1.5974498e+01
  -1.4770739e+01
  -1.3646481e+01
  -1.2597457e+01
  -1.1619545e+01
  -1.0708768e+01
  -9.8612994e+00
  -9.0734589e+00
  -8.3417181e+00
  -7.6626972e+00
  -7.0331653e+00
  -6.4500382e+00
  -5.9103765e+00
  -5.4113832e+00
  -4.9504008e+00
  -4.5249079e+00
  -4.1325159e+00
  -3.7709646e+00
  -3.4381189e+00
  -3.1319643e+00
  -2.8506026e+00
  -2.5922475e+00
  -2.3552202e+00
  -2.1379449e+00
  -1.9389442e+00
  -1.7568351e+00
  -1.5903238e+00
  -1.4382020e+00
  -1.2993423e+00
  -1.1726941e+00
  -1.0572793e+00
  -9.5218867e-01
  -8.5657756e-01
  -7.6966249e-01
  -6.9071734e-01
  -6.1906994e-01
  -5.5409874e-01
  -4.9522957e-01
  -4.4193262e-01
  -3.9371952e-01
  -3.5014054e-01
  -3.1078200e-01
  -2.7526372e-01
  -2.4323669e-01
  -2.1438085e-01
  -1.8840294e-01
  -1.6503456e-01
  -1.4403027e-01
  -1.2516587e-01
  -1.0823677e-01
  -9.3056413e-02
  -7.9454887e-02
  -6.7277571e-02
  -5.6383895e-02
  -4.6646183e-02
  -3.7948580e-02
  -3.0186055e-02
  -2.3263475e-02
  -1.7094759e-02
  -1.1602080e-02
  -6.7151416e-03
  -2.3705086e-03
   0.0000000e+00
   0.0000000e+00
   0.0000000e+00
   0.0000000e+00
   0.0000000e+00
   0.0000000e+00
   0.0000000e+00
   0.0000000e+00
   0.0000000e+00
   0.0000000e+00
   0.0000000e+00
   0.0000000e+00
   0.0000000e+00
   0.0000000e+00
   0.0000000e+00
   0.0000000e+00
   0.0000000e+00
   0.0000000e+00
   0.0000000e+00
   0.0000000e+00
   0.0000000e+00
   0.0000000e+00
   0.0000000e+00
   0.0000000e+00
   0.0000000e+00
   0.0000000e+00
   0.0000000e+00
   0.0000000e+00
   0.0000000e+00
   0.0000000e+00
   0.0000000e+00
   0.0000000e+00
   0.0000000e+00
   0.0000000e+00
   0.0000000e+00
   0.0000000e+00
   0.0000000e+00
   0.0000000e+00
   0.0000000e+00
   0.0000000e+00
   0.0000000e+00
   0.0000000e+00
   0.0000000e+00
   0.0000000e+00
   0.0000000e+00
   0.0000000e+00
   0.0000000e+00
   0.0000000e+00
   0.0000000e+00
   0.0000000e+00
   0.0000000e+00
   0.0000000e+00
   0.0000000e+00
   0.0000000e+00
   0.0000000e+00
   0.0000000e+00
   0.0000000e+00
   0.0000000e+00
   0.0000000e+00
   0.0000000e+00
   0.0000000e+00
   0.0000000e+00
   0.0000000e+00
   0.0000000e+00
   0.0000000e+00
   0.0000000e+00
   0.0000000e+00
   0.0000000e+00
   0.0000000e+00
   0.0000000e+00
   0.0000000e+00
   0.0000000e+00
   0.0000000e+00
   0.0000000e+00
   0.0000000e+00
   0.0000000e+00
   0.0000000e+00
   0.0000000e+00
   0.0000000e+00
   0.0000000e+00
   0.0000000e+00
   0.0000000e+00
   0.0000000e+00
   0.0000000e+00
   0.0000000e+00
   0.0000000e+00
   0.0000000e+00
   0.0000000e+00
   0.0000000e+00
   0.0000000e+00
   0.0000000e+00
   0.0000000e+00
   0.0000000e+00
   0.0000000e+00
   0.0000000e+00
   0.0000000e+00
   0.0000000e+00
   0.0000000e+00
   0.0000000e+00
   0.0000000e+00
   0.0000000e+00
   0.0000000e+00
   0.0000000e+00
   0.0000000e+00
   0.0000000e+00
   0.0000000e+00
   0.0000000e+00
   0.0000000e+00
   0.0000000e+00
   0.0000000e+00
   0.0000000e+00
   0.0000000e+00
   0.0000000e+00
   0.0000000e+00
   0.0000000e+00
   0.0000000e+00
   0.0000000e+00
   0.0000000e+00
   0.0000000e+00
   0.0000000e+00
   0.0000000e+00
   0.0000000e+00
   0.0000000e+00
   0.0000000e+00
   0.0000000e+00
   0.0000000e+00
   0.0000000e+00
   0.0000000e+00
   0.0000000e+00
   0.0000000e+00
   0.0000000e+00
   0.0000000e+00
   0.0000000e+00
   0.0000000e+00
   0.0000000e+00
   0.0000000e+00
   0.0000000e+00
   0.0000000e+00
   0.0000000e+00
   0.0000000e+00
   0.0000000e+00
   0.0000000e+00
   0.0000000e+00
   0.0000000e+00
   0.0000000e+00
   0.0000000e+00
   0.0000000e+00
   0.0000000e+00
   0.0000000e+00
   0.0000000e+00
   0.0000000e+00
   0.0000000e+00
   0.0000000e+00
   0.0000000e+00
   0.0000000e+00
   0.0000000e+00
   0.0000000e+00
   0.0000000e+00
   0.0000000e+00
   0.0000000e+00
   0.0000000e+00
   0.0000000e+00
   0.0000000e+00
   0.0000000e+00
   0.0000000e+00
   0.0000000e+00
   0.0000000e+00
   0.0000000e+00
   0.0000000e+00
   0.0000000e+00
   0.0000000e+00
   0.0000000e+00
   0.0000000e+00
   0.0000000e+00
   0.0000000e+00
   0.0000000e+00
   0.0000000e+00
   0.0000000e+00
   0.0000000e+00
   0.0000000e+00
   0.0000000e+00
   0.0000000e+00
   0.0000000e+00
   0.0000000e+00
   0.0000000e+00
   0.0000000e+00
   0.0000000e+00
   0.0000000e+00
   0.0000000e+00
   0.0000000e+00
   0.0000000e+00
   0.0000000e+00
   0.0000000e+00
   0.0000000e+00
   0.0000000e+00
   0.0000000e+00
   0.0000000e+00
   0.0000000e+00
   0.0000000e+00
   0.0000000e+00
   0.0000000e+00
   0.0000000e+00
   0.0000000e+00
   0.0000000e+00
   0.0000000e+00
   0.0000000e+00
   0.0000000e+00
   0.0000000e+00
   0.0000000e+00
   0.0000000e+00
   0.0000000e+00
   0.0000000e+00
   0.0000000e+00
   0.0000000e+00
   0.0000000e+00
   0.0000000e+00
   0.0000000e+00
   0.0000000e+00
   0.0000000e+00
   0.0000000e+00
   0.0000000e+00
   0.0000000e+00
   0.0000000e+00
   0.0000000e+00
   0.0000000e+00
   0.0000000e+00
   0.0000000e+00
   0.0000000e+00
   0.0000000e+00
   0.0000000e+00
   0.0000000e+00
   0.0000000e+00
   0.0000000e+00
   0.0000000e+00
   0.0000000e+00
   0.0000000e+00
   0.0000000e+00
   0.0000000e+00
   0.0000000e+00
   0.0000000e+00
   0.0000000e+00
   0.0000000e+00
   0.0000000e+00
   0.0000000e+00
   0.0000000e+00
   0.0000000e+00
   0.0000000e+00
   0.0000000e+00
   0.0000000e+00
   0.0000000e+00
   0.0000000e+00
   0.0000000e+00
   0.0000000e+00
   0.0000000e+00
   0.0000000e+00
   0.0000000e+00
   0.0000000e+00
   0.0000000e+00
   0.0000000e+00
   0.0000000e+00
   0.0000000e+00
   0.0000000e+00
   0.0000000e+00
   0.0000000e+00
   0.0000000e+00
   0.0000000e+00
   0.0000000e+00
   0.0000000e+00
   0.0000000e+00
   0.0000000e+00
   0.0000000e+00
   0.0000000e+00
   0.0000000e+00
   0.0000000e+00
   0.0000000e+00
   0.0000000e+00
   0.0000000e+00
   0.0000000e+00
   0.0000000e+00
   0.0000000e+00
   0.0000000e+00
   0.0000000e+00
   0.0000000e+00
   0.0000000e+00
   0.0000000e+00
   0.0000000e+00
   0.0000000e+00
   0.0000000e+00
   0.0000000e+00
   0.0000000e+00
   0.0000000e+00
   0.0000000e+00
   0.0000000e+00
   0.0000000e+00
   0.0000000e+00
   0.0000000e+00
   0.0000000e+00
   0.0000000e+00
   0.0000000e+00
   0.0000000e+00
   0.0000000e+00
   0.0000000e+00
   0.0000000e+00
   0.0000000e+00
   0.0000000e+00
   0.0000000e+00
   0.0000000e+00
   0.0000000e+00
   0.0000000e+00
   0.0000000e+00
   0.0000000e+00
   0.0000000e+00
   0.0000000e+00
   0.0000000e+00
   0.0000000e+00
   0.0000000e+00
   0.0000000e+00
   0.0000000e+00
   0.0000000e+00
   0.0000000e+00
   0.0000000e+00
   0.0000000e+00
   0.0000000e+00
   0.0000000e+00
   0.0000000e+00
   0.0000000e+00
   0.0000000e+00
   0.0000000e+00
   0.0000000e+00
   0.0000000e+00
   0.0000000e+00
   0.0000000e+00
   0.0000000e+00
   0.0000000e+00
   0.0000000e+00
   0.0000000e+00
   0.0000000e+00
   0.0000000e+00
   0.0000000e+00
   0.0000000e+00
   0.0000000e+00
   0.0000000e+00
   0.0000000e+00
   0.0000000e+00
   0.0000000e+00
   0.0000000e+00
   0.0000000e+00
   0.0000000e+00
   0.0000000e+00
   0.0000000e+00
   0.0000000e+00
   0.0000000e+00
   0.0000000e+00
   0.0000000e+00
   0.0000000e+00
   0.0000000e+00
   0.0000000e+00
   0.0000000e+00
   0.0000000e+00
   0.0000000e+00
   0.0000000e+00
   0.0000000e+00
   0.0000000e+00
   0.0000000e+00
   0.0000000e+00
   0.0000000e+00
   0.0000000e+00
   0.0000000e+00
   0.0000000e+00
   0.0000000e+00
   0.0000000e+00
   0.0000000e+00
   0.0000000e+00
   0.0000000e+00
   0.0000000e+00
   0.0000000e+00
   0.0000000e+00
   0.0000000e+00
   0.0000000e+00
   0.0000000e+00
   0.0000000e+00
   0.0000000e+00
   0.0000000e+00
   0.0000000e+00
   0.0000000e+00
   0.0000000e+00
   0.0000000e+00
   0.0000000e+00
   0.0000000e+00
   0.0000000e+00
   0.0000000e+00
   0.0000000e+00
   0.0000000e+00
   0.0000000e+00
   0.0000000e+00
   0.0000000e+00
   0.0000000e+00
   0.0000000e+00
   0.0000000e+00
   0.0000000e+00
   0.0000000e+00
   0.0000000e+00
   0.0000000e+00
   0.0000000e+00
   0.0000000e+00
   0.0000000e+00
   0.0000000e+00
   0.0000000e+00
   0.0000000e+00
   0.0000000e+00
   0.0000000e+00
   0.0000000e+00
   0.0000000e+00
   0.0000000e+00
   0.0000000e+00
   0.0000000e+00
   0.0000000e+00
   0.0000000e+00
   0.0000000e+00
   0.0000000e+00
   0.0000000e+00
   0.0000000e+00
   0.0000000e+00
   0.0000000e+00
   0.0000000e+00
   0.0000000e+00
   0.0000000e+00
   0.0000000e+00
   0.0000000e+00
   0.0000000e+00
   0.0000000e+00
   0.0000000e+00
   0.0000000e+00
   0.0000000e+00
   0.0000000e+00
   0.0000000e+00
   0.0000000e+00
   0.0000000e+00
   0.0000000e+00
   0.0000000e+00
   0.0000000e+00
   0.0000000e+00
   0.0000000e+00
   0.0000000e+00
   0.0000000e+00
   0.0000000e+00
   0.0000000e+00
   0.0000000e+00
   0.0000000e+00
   0.0000000e+00
   0.0000000e+00
   0.0000000e+00
   0.0000000e+00
   0.0000000e+00
   0.0000000e+00
   0.0000000e+00
   0.0000000e+00
   0.0000000e+00
   0.0000000e+00
   0.0000000e+00
   0.0000000e+00
   0.0000000e+00
   0.0000000e+00
   0.0000000e+00
   0.0000000e+00
   0.0000000e+00
   0.0000000e+00
   0.0000000e+00
   0.0000000e+00
   0.0000000e+00
   0.0000000e+00
   0.0000000e+00
   0.0000000e+00
   0.0000000e+00
   0.0000000e+00
   0.0000000e+00
   0.0000000e+00
   0.0000000e+00
   0.0000000e+00
   0.0000000e+00
   0.0000000e+00
   0.0000000e+00
   0.0000000e+00
   0.0000000e+00
   0.0000000e+00
   0.0000000e+00
   0.0000000e+00
   0.0000000e+00
   0.0000000e+00
   0.0000000e+00
   0.0000000e+00
   0.0000000e+00
   0.0000000e+00
   0.0000000e+00
   0.0000000e+00
   0.0000000e+00
   0.0000000e+00
   0.0000000e+00
   0.0000000e+00
   0.0000000e+00
   0.0000000e+00
   0.0000000e+00
   0.0000000e+00
   0.0000000e+00
   0.0000000e+00
   0.0000000e+00
   0.0000000e+00
   0.0000000e+00
   0.0000000e+00
   0.0000000e+00
   0.0000000e+00
   0.0000000e+00
   0.0000000e+00
   0.0000000e+00
   0.0000000e+00
   0.0000000e+00
   0.0000000e+00
   0.0000000e+00
   0.0000000e+00
   0.0000000e+00
   0.0000000e+00
   0.0000000e+00
   0.0000000e+00
   0.0000000e+00
   0.0000000e+00
   0.0000000e+00
   0.0000000e+00
   0.0000000e+00
   0.0000000e+00
   0.0000000e+00
   0.0000000e+00
   0.0000000e+00
   0.0000000e+00
   0.0000000e+00
   0.0000000e+00
   0.0000000e+00
   0.0000000e+00
   0.0000000e+00
   0.0000000e+00
   0.0000000e+00
   0.0000000e+00
   0.0000000e+00
   0.0000000e+00
   0.0000000e+00
   0.0000000e+00
   0.0000000e+00
   0.0000000e+00
   0.0000000e+00
   0.0000000e+00
   0.0000000e+00
   0.0000000e+00
   0.0000000e+00
   0.0000000e+00
   0.0000000e+00
   0.0000000e+00
   0.0000000e+00
   0.0000000e+00
   0.0000000e+00
   0.0000000e+00
   0.0000000e+00
   0.0000000e+00
   0.0000000e+00
   0.0000000e+00
   0.0000000e+00
   0.0000000e+00
   0.0000000e+00
   0.0000000e+00
   0.0000000e+00
   0.0000000e+00
   0.0000000e+00
   0.0000000e+00
   0.0000000e+00
   0.0000000e+00
   0.0000000e+00
   0.0000000e+00
   0.0000000e+00
   0.0000000e+00
   0.0000000e+00
   0.0000000e+00
   0.0000000e+00
   0.0000000e+00
   0.0000000e+00
   0.0000000e+00
   0.0000000e+00
   0.0000000e+00
   0.0000000e+00
   0.0000000e+00
   0.0000000e+00
   0.0000000e+00
   0.0000000e+00
   0.0000000e+00
   0.0000000e+00
   0.0000000e+00
   0.0000000e+00
   0.0000000e+00
   0.0000000e+00
   0.0000000e+00
   0.0000000e+00
   0.0000000e+00
   0.0000000e+00
