  -5.2282973e-17
  -1.5615222e-03
  -3.1988813e-03
  -4.9155482e-03
  -6.7151416e-03
  -8.6014339e-03
  -1.0578357e-02
  -1.2650010e-02
  -1.4820661e-02
  -1.7094759e-02
  -1.9476939e-02
  -2.1972028e-02
  -2.4585051e-02
  -2.7321244e-02
  -3.0186055e-02
  -3.3185155e-02
  -3.6324450e-02
  -3.9610082e-02
  -4.3048443e-02
  -4.6646183e-02
  -5.0410220e-02
  -5.4347746e-02
  -5.8466244e-02
  -6.2773490e-02
  -6.7277571e-02
  -7.1986889e-02
  -7.6910180e-02
  -8.2056517e-02
  -8.7435330e-02
  -9.3056413e-02
  -9.8929937e-02
  -1.0506647e-01
  -1.1147697e-01
  -1.1817283e-01
  -1.2516587e-01
  -1.3246836e-01
  -1.4009302e-01
  -1.4805305e-01
  -1.5636216e-01
  -1.6503456e-01
  -1.7408497e-01
  -1.8352868e-01
  -1.9338151e-01
  -2.0365990e-01
  -2.1438085e-01
  -2.2556199e-01
  -2.3722159e-01
  -2.4937856e-01
  -2.6205250e-01
  -2.7526372e-01
  -2.8903320e-01
  -3.0338272e-01
  -3.1833478e-01
  -3.3391269e-01
  -3.5014054e-01
  -3.6704329e-01
  -3.8464674e-01
  -4.0297755e-01
  -4.2206334e-01
  -4.4193262e-01
  -4.6261489e-01
  -4.8414061e-01
  -5.0654129e-01
  -5.2984946e-01
  -5.5409874e-01
  -5.7932385e-01
  -6.0556064e-01
  -6.3284614e-01
  -6.6121855e-01
  -6.9071734e-01
  -7.2138320e-01
  -7.5325813e-01
  -7.8638547e-01
  -8.2080992e-01
  -8.5657756e-01
  -8.9373593e-01
  -9.3233401e-01
  -9.7242231e-01
  -1.0140529e+00
  -1.0572793e+00
  -1.1021569e+00
  -1.1487425e+00
  -1.1970948e+00
  -1.2472740e+00
  -1.2993423e+00
  -1.3533637e+00
  -1.4094038e+00
  -1.4675305e+00
  -1.5278133e+00
  -1.5903238e+00
  -1.6551358e+00
  -1.7223249e+00
  -1.7919690e+00
  -1.8641480e+00
  -1.9389442e+00
  -2.0164421e+00
  -2.0967284e+00
  -2.1798921e+00
  -2.2660247e+00
  -2.3552202e+00
  -2.4475749e+00
  -2.5431877e+00
  -2.6421601e+00
  -2.7445962e+00
  -2.8506026e+00
  -2.9602889e+00
  -3.0737673e+00
  -3.1911527e+00
  -3.3125630e+00
  -3.4381189e+00
  -3.5679441e+00
  -3.7021651e+00
  -3.8409118e+00
  -3.9843168e+00
  -4.1325159e+00
  -4.2856481e+00
  -4.4438556e+00
  -4.6072839e+00
  -4.7760816e+00
  -4.9504008e+00
  -5.1303968e+00
  -5.3162284e+00
  -5.5080579e+00
  -5.7060508e+00
  -5.9103765e+00
  -6.1212075e+00
  -6.3387201e+00
  -6.5630944e+00
  -6.7945137e+00
  -7.0331653e+00
  -7.2792401e+00
  -7.5329325e+00
  -7.7944410e+00
  -8.0639676e+00
  -8.3417181e+00
  -8.6279021e+00
  -8.9227331e+00
  -9.2264283e+00
  -9.5392087e+00
  -9.8612994e+00
  -1.0192929e+01
  -1.0534330e+01
  -1.0885739e+01
  -1.1247396e+01
  -1.1619545e+01
  -1.2002434e+01
  -1.2396315e+01
  -1.2801443e+01
  -1.3218077e+01
  -1.3646481e+01
  -1.4086920e+01
  -1.4539666e+01
  -1.5004992e+01
  -1.5483175e+01
  -1.5974498e+01
  -1.6479243e+01
  -1.6997700e+01
  -1.7530160e+01
  -1.8076917e+01
  -1.8638270e+01
  -1.9214519e+01
  -1.9805969e+01
  -2.0412927e+01
  -2.1035703e+01
  -2.1674610e+01
  -2.2329965e+01
  -2.3002084e+01
  -2.3691289e+01
  -2.4397904e+01
  -2.5122253e+01
  -2.5864664e+01
  -2.6625466e+01
  -2.7404992e+01
  -2.8203573e+01
  -2.9021545e+01
  -2.9859243e+01
  -3.0717005e+01
  -3.1595169e+01
  -3.2494072e+01
  -3.3414056e+01
  -3.4355460e+01
  -3.5318623e+01
  -3.6303887e+01
  -3.7311590e+01
  -3.8342073e+01
  -3.9395674e+01
  -4.0472731e+01
  -4.1573580e+01
  -4.2698556e+01
  -4.3847992e+01
  -4.5022221e+01
  -4.6221570e+01
  -4.7446366e+01
  -4.8696933e+01
  -4.9973589e+01
  -5.1276653e+01
  -5.2606437e+01
  -5.3963249e+01
  -5.5347393e+01
  -5.6759168e+01
  -5.8198868e+01
  -5.9666780e+01
  -6.1163188e+01
  -6.2688366e+01
  -6.4242583e+01
  -6.5826102e+01
  -6.7439175e+01
  -6.9082049e+01
  -7.0754961e+01
  -7.2458141e+01
  -7.4191807e+01
  -7.5956169e+01
  -7.7751427e+01
  -7.9577769e+01
  -8.1435373e+01
  -8.3324405e+01
  -8.5245018e+01
  -8.7197355e+01
  -8.9181544e+01
  -9.1197699e+01
  -9.3245922e+01
  -9.5326299e+01
  -9.7438902e+01
  -9.9583786e+01
  -1.0176099e+02
  -1.0397054e+02
  -1.0621244e+02
  -1.0848668e+02
  -1.1079323e+02
  -1.1313204e+02
  -1.1550305e+02
  -1.1790616e+02
  -1.2034127e+02
  -1.2280826e+02
  -1.2530697e+02
  -1.2783724e+02
  -1.3039886e+02
  -1.3299163e+02
  -1.3561531e+02
  -1.3826962e+02
  -1.4095429e+02
  -1.4366900e+02
  -1.4641342e+02
  -1.4918718e+02
  -1.5198988e+02
  -1.5482112e+02
  -1.5768045e+02
  -1.6056740e+02
  -1.6348147e+02
  -1.6642212e+02
  -1.6938880e+02
  -1.7238093e+02
  -1.7539788e+02
  -1.7843900e+02
  -1.8150363e+02
  -1.8459104e+02
  -1.8770049e+02
  -1.9083121e+02
  -1.9398240e+02
  -1.9715322e+02
  -2.0034278e+02
  -2.0355020e+02
  -2.0677452e+02
  -2.1001479e+02
  -2.1326998e+02
  -2.1653906e+02
  -2.1982095e+02
  -2.2311455e+02
  -2.2641871e+02
  -2.2973224e+02
  -2.3305394e+02
  -2.3638256e+02
  -2.3971680e+02
  -2.4305535e+02
  -2.4639686e+02
  -2.4973992e+02
  -2.5308312e+02
  -2.5642499e+02
  -2.5976405e+02
  -2.6309874e+02
  -2.6642752e+02
  -2.6974878e+02
  -2.7306088e+02
  -2.7636215e+02
  -2.7965090e+02
  -2.8292538e+02
  -2.8618382e+02
  -2.8942443e+02
  -2.9264537e+02
  -2.9584477e+02
  -2.9902073e+02
  -3.0217132e+02
  -3.0529459e+02
  -3.0838854e+02
  -3.1145116e+02
  -3.1448041e+02
  -3.1747419e+02
  -3.2043042e+02
  -3.2334697e+02
  -3.2622167e+02
  -3.2905237e+02
  -3.3183684e+02
  -3.3457288e+02
  -3.3725822e+02
  -3.3989061e+02
  -3.4246777e+02
  -3.4498737e+02
  -3.4744710e+02
  -3.4984463e+02
  -3.5217759e+02
  -3.5444362e+02
  -3.5664034e+02
  -3.5876535e+02
  -3.6081625e+02
  -3.6279062e+02
  -3.6468606e+02
  -3.6650014e+02
  -3.6823041e+02
  -3.6987447e+02
  -3.7142986e+02
  -3.7289415e+02
  -3.7426492e+02
  -3.7553974e+02
  -3.7671617e+02
  -3.7779182e+02
  -3.7876426e+02
  -3.7963110e+02
  -3.8038995e+02
  -3.8103845e+02
  -3.8157423e+02
  -3.8199495e+02
  -3.8229830e+02
  -3.8248198e+02
  -3.8254370e+02
  -3.8248123e+02
  -3.8229233e+02
  -3.8197482e+02
  -3.8152652e+02
  -3.8094530e+02
  -3.8022908e+02
  -3.7937578e+02
  -3.7838338e+02
  -3.7724992e+02
  -3.7597344e+02
  -3.7455205e+02
  -3.7298392e+02
  -3.7126723e+02
  -3.6940025e+02
  -3.6738127e+02
  -3.6520867e+02
  -3.6288085e+02
  -3.6039630e+02
  -3.5775354e+02
  -3.5495118e+02
  -3.5198788e+02
  -3.4886237e+02
  -3.4557345e+02
  -3.4211999e+02
  -3.3850093e+02
  -3.3471528e+02
  -3.3076213e+02
  -3.2664064e+02
  -3.2235008e+02
  -3.1788976e+02
  -3.1325909e+02
  -3.0845756e+02
  -3.0348476e+02
  -2.9834035e+02
  -2.9302409e+02
  -2.8753581e+02
  -2.8187547e+02
  -2.7604308e+02
  -2.7003878e+02
  -2.6386277e+02
  -2.5751538e+02
  -2.5099702e+02
  -2.4430820e+02
  -2.3744954e+02
  -2.3042174e+02
  -2.2322562e+02
  -2.1586210e+02
  -2.0833220e+02
  -2.0063703e+02
  -1.9277784e+02
  -1.8475595e+02
  -1.7657280e+02
  -1.6822994e+02
  -1.5972901e+02
  -1.5107178e+02
  -1.4226011e+02
  -1.3329597e+02
  -1.2418144e+02
  -1.1491869e+02
  -1.0551003e+02
  -9.5957849e+01
  -8.6264646e+01
  -7.6433032e+01
  -6.6465720e+01
  -5.6365527e+01
  -4.6135374e+01
  -3.5778286e+01
  -2.5297389e+01
  -1.4695910e+01
  -3.9771759e+00
   6.8553855e+00
   1.7798250e+01
   2.8847797e+01
   4.0000309e+01
   5.1251978e+01
   6.2598899e+01
   7.4037081e+01
   8.5562441e+01
   9.7170810e+01
   1.0885793e+02
   1.2061948e+02
   1.3245102e+02
   1.4434806e+02
   1.5630603e+02
   1.6832027e+02
   1.8038607e+02
   1.9249863e+02
   2.0465309e+02
   2.1684454e+02
   2.2906798e+02
   2.4131837e+02
   2.5359061e+02
   2.6587954e+02
   2.7817995e+02
   2.9048660e+02
   3.0279418e+02
   3.1509735e+02
   3.2739074e+02
   3.3966892e+02
   3.5192646e+02
   3.6415788e+02
   3.7635767e+02
   3.8852032e+02
   4.0064028e+02
   4.1271200e+02
   4.2472992e+02
   4.3668844e+02
   4.4858201e+02
   4.6040502e+02
   4.7215192e+02
   4.8381712e+02
   4.9539507e+02
   5.0688021e+02
   5.1826703e+02
   5.2955000e+02
   5.4072365e+02
   5.5178252e+02
   5.6272119e+02
   5.7353427e+02
   5.8421642e+02
   5.9476234e+02
   6.0516676e+02
   6.1542448e+02
   6.2553036e+02
   6.3547929e+02
   6.4526625e+02
   6.5488628e+02
   6.6433447e+02
   6.7360600e+02
   6.8269612e+02
   6.9160016e+02
   7.0031354e+02
   7.0883174e+02
   7.1715037e+02
   7.2526509e+02
   7.3317168e+02
   7.4086601e+02
   7.4834406e+02
   7.5560191e+02
   7.6263574e+02
   7.6944184e+02
   7.7601663e+02
   7.8235663e+02
   7.8845848e+02
   7.9431894e+02
   7.9993490e+02
   8.0530337e+02
   8.1042148e+02
   8.1528651e+02
   8.1989584e+02
   8.2424702e+02
   8.2833771e+02
   8.3216572e+02
   8.3572898e+02
   8.3902559e+02
   8.4205377e+02
   8.4481189e+02
   8.4729845e+02
   8.4951213e+02
   8.5145172e+02
   8.5311618e+02
   8.5450460e+02
   8.5561624e+02
   8.5645050e+02
   8.5700692e+02
   8.5728521e+02
   8.5728521e+02
   8.5700692e+02
   8.5645050e+02
   8.5561624e+02
   8.5450460e+02
   8.5311618e+02
   8.5145172e+02
   8.4951213e+02
   8.4729845e+02
   8.4481189e+02
   8.4205377e+02
   8.3902559e+02
   8.3572898e+02
   8.3216572e+02
   8.2833771e+02
   8.2424702e+02
   8.1989584e+02
   8.1528651e+02
   8.1042148e+02
   8.0530337e+02
   7.9993490e+02
   7.9431894e+02
   7.8845848e+02
   7.8235663e+02
   7.7601663e+02
   7.6944184e+02
   7.6263574e+02
   7.5560191e+02
   7.4834406e+02
   7.4086601e+02
   7.3317168e+02
   7.2526509e+02
   7.1715037e+02
   7.0883174e+02
   7.0031354e+02
   6.9160016e+02
   6.8269612e+02
   6.7360600e+02
   6.6433447e+02
   6.5488628e+02
   6.4526625e+02
   6.3547929e+02
   6.2553036e+02
   6.1542448e+02
   6.0516676e+02
   5.9476234e+02
   5.8421642e+02
   5.7353427e+02
   5.6272119e+02
   5.5178252e+02
   5.4072365e+02
   5.2955000e+02
   5.1826703e+02
   5.0688021e+02
   4.9539507e+02
   4.8381712e+02
   4.7215192e+02
   4.6040502e+02
   4.4858201e+02
   4.3668844e+02
   4.2472992e+02
   4.1271200e+02
   4.0064028e+02
   3.8852032e+02
   3.7635767e+02
   3.6415788e+02
   3.5192646e+02
   3.3966892e+02
   3.2739074e+02
   3.1509735e+02
   3.0279418e+02
   2.9048660e+02
   2.7817995e+02
   2.6587954e+02
   2.5359061e+02
   2.4131837e+02
   2.2906798e+02
   2.1684454e+02
   2.0465309e+02
   1.9249863e+02
   1.8038607e+02
   1.6832027e+02
   1.5630603e+02
   1.4434806e+02
   1.3245102e+02
   1.2061948e+02
   1.0885793e+02
   9.7170810e+01
   8.5562441e+01
   7.4037081e+01
   6.2598899e+01
   5.1251978e+01
   4.0000309e+01
   2.8847797e+01
   1.7798250e+01
   6.8553855e+00
  -3.9771759e+00
  -1.4695910e+01
  -2.5297389e+01
  -3.5778286e+01
  -4.6135374e+01
  -5.6365527e+01
  -6.6465720e+01
  -7.6433032e+01
  -8.6264646e+01
  -9.5957849e+01
  -1.0551003e+02
  -1.1491869e+02
  -1.2418144e+02
  -1.3329597e+02
  -1.4226011e+02
  -1.5107178e+02
  -1.5972901e+02
  -1.6822994e+02
  -1.7657280e+02
  -1.8475595e+02
  -1.9277784e+02
  -2.0063703e+02
  -2.0833220e+02
  -2.1586210e+02
  -2.2322562e+02
  -2.3042174e+02
  -2.3744954e+02
  -2.4430820e+02
  -2.5099702e+02
  -2.5751538e+02
  -2.6386277e+02
  -2.7003878e+02
  -2.7604308e+02
  -2.8187547e+02
  -2.8753581e+02
  -2.9302409e+02
  -2.9834035e+02
  -3.0348476e+02
  -3.0845756e+02
  -3.1325909e+02
  -3.1788976e+02
  -3.2235008e+02
  -3.2664064e+02
  -3.3076213e+02
  -3.3471528e+02
  -3.3850093e+02
  -3.4211999e+02
  -3.4557345e+02
  -3.4886237e+02
  -3.5198788e+02
  -3.5495118e+02
  -3.5775354e+02
  -3.6039630e+02
  -3.6288085e+02
  -3.6520867e+02
  -3.6738127e+02
  -3.6940025e+02
  -3.7126723e+02
  -3.7298392e+02
  -3.7455205e+02
  -3.7597344e+02
  -3.7724992e+02
  -3.7838338e+02
  -3.7937578e+02
  -3.8022908e+02
  -3.8094530e+02
  -3.8152652e+02
  -3.8197482e+02
  -3.8229233e+02
  -3.8248123e+02
  -3.8254370e+02
  -3.8248198e+02
  -3.8229830e+02
  -3.8199495e+02
  -3.8157423e+02
  -3.8103845e+02
  -3.8038995e+02
  -3.7963110e+02
  -3.7876426e+02
  -3.7779182e+02
  -3.7671617e+02
  -3.7553974e+02
  -3.7426492e+02
  -3.7289415e+02
  -3.7142986e+02
  -3.6987447e+02
  -3.6823041e+02
  -3.6650014e+02
  -3.6468606e+02
  -3.6279062e+02
  -3.6081625e+02
  -3.5876535e+02
  -3.5664034e+02
  -3.5444362e+02
  -3.5217759e+02
  -3.4984463e+02
  -3.4744710e+02
  -3.4498737e+02
  -3.4246777e+02
  -3.3989061e+02
  -3.3725822e+02
  -3.3457288e+02
  -3.3183684e+02
  -3.2905237e+02
  -3.2622167e+02
  -3.2334697e+02
  -3.2043042e+02
  -3.1747419e+02
  -3.1448041e+02
  -3.1145116e+02
  -3.0838854e+02
  -3.0529459e+02
  -3.0217132e+02
  -2.9902073e+02
  -2.9584477e+02
  -2.9264537e+02
  -2.8942443e+02
  -2.8618382e+02
  -2.8292538e+02
  -2.7965090e+02
  -2.7636215e+02
  -2.7306088e+02
  -2.6974878e+02
  -2.6642752e+02
  -2.6309874e+02
  -2.5976405e+02
  -2.5642499e+02
  -2.5308312e+02
  -2.4973992e+02
  -2.4639686e+02
  -2.4305535e+02
  -2.3971680e+02
  -2.3638256e+02
  -2.3305394e+02
  -2.2973224e+02
  -2.2641871e+02
  -2.2311455e+02
  -2.1982095e+02
  -2.1653906e+02
  -2.1326998e+02
  -2.1001479e+02
  -2.0677452e+02
  -2.0355020e+02
  -2.0034278e+02
  -1.9715322e+02
  -1.9398240e+02
  -1.9083121e+02
  -1.8770049e+02
  -1.8459104e+02
  -1.8150363e+02
  -1.7843900e+02
  -1.7539788e+02
  -1.7238093e+02
  -1.6938880e+02
  -1.6642212e+02
  -1.6348147e+02
  -1.6056740e+02
  -1.5768045e+02
  -1.5482112e+02
  -1.5198988e+02
  -1.4918718e+02
  -1.4641342e+02
  -1.4366900e+02
  -1.4095429e+02
  -1.3826962e+02
  -1.3561531e+02
  -1.3299163e+02
  -1.3039886e+02
  -1.2783724e+02
  -1.2530697e+02
  -1.2280826e+02
  -1.2034127e+02
  -1.1790616e+02
  -1.1550305e+02
  -1.1313204e+02
  -1.1079323e+02
  -1.0848668e+02
  -1.0621244e+02
  -1.0397054e+02
  -1.0176099e+02
  -9.9583786e+01
  -9.7438902e+01
  -9.5326299e+01
  -9.3245922e+01
  -9.1197699e+01
  -8.9181544e+01
  -8.7197355e+01
  -8.5245018e+01
  -8.3324405e+01
  -8.1435373e+01
  -7.9577769e+01
  -7.7751427e+01
  -7.5956169e+01
  -7.4191807e+01
  -7.2458141e+01
  -7.0754961e+01
  -6.9082049e+01
  -6.7439175e+01
  -6.5826102e+01
  -6.4242583e+01
  -6.2688366e+01
  -6.1163188e+01
  -5.9666780e+01
  -5.8198868e+01
  -5.6759168e+01
  -5.5347393e+01
  -5.3963249e+01
  -5.2606437e+01
  -5.1276653e+01
  -4.9973589e+01
  -4.8696933e+01
  -4.7446366e+01
  -4.6221570e+01
  -4.5022221e+01
  -4.3847992e+01
  -4.2698556e+01
  -4.1573580e+01
  -4.0472731e+01
  -3.9395674e+01
  -3.8342073e+01
  -3.7311590e+01
  -3.6303887e+01
  -3.5318623e+01
  -3.4355460e+01
  -3.3414056e+01
  -3.2494072e+01
  -3.1595169e+01
  -3.0717005e+01
  -2.9859243e+01
  -2.9021545e+01
  -2.8203573e+01
  -2.7404992e+01
  -2.6625466e+01
  -2.5864664e+01
  -2.5122253e+01
  -2.4397904e+01
  -2.3691289e+01
  -2.3002084e+01
  -2.2329965e+01
  -2.1674610e+01
  -2.1035703e+01
  -2.0412927e+01
  -1.9805969e+01
  -1.9214519e+01
  -1.8638270e+01
  -1.8076917e+01
  -1.7530160e+01
  -1.6997700e+01
  -1.6479243e+01
  -1.5974498e+01
  -1.5483175e+01
  -1.5004992e+01
  -1.4539666e+01
  -1.4086920e+01
  -1.3646481e+01
  -1.3218077e+01
  -1.2801443e+01
  -1.2396315e+01
  -1.2002434e+01
  -1.1619545e+01
  -1.1247396e+01
  -1.0885739e+01
  -1.0534330e+01
  -1.0192929e+01
  -9.8612994e+00
  -9.5392087e+00
  -9.2264283e+00
  -8.9227331e+00
  -8.6279021e+00
  -8.3417181e+00
  -8.0639676e+00
  -7.7944410e+00
  -7.5329325e+00
  -7.2792401e+00
  -7.0331653e+00
  -6.7945137e+00
  -6.5630944e+00
  -6.3387201e+00
  -6.1212075e+00
  -5.9103765e+00
  -5.7060508e+00
  -5.5080579e+00
  -5.3162284e+00
  -5.1303968e+00
  -4.9504008e+00
  -4.7760816e+00
  -4.6072839e+00
  -4.4438556e+00
  -4.2856481e+00
  -4.1325159e+00
  -3.9843168e+00
  -3.8409118e+00
  -3.7021651e+00
  -3.5679441e+00
  -3.4381189e+00
  -3.3125630e+00
  -3.1911527e+00
  -3.0737673e+00
  -2.9602889e+00
  -2.8506026e+00
  -2.7445962e+00
  -2.6421601e+00
  -2.5431877e+00
  -2.4475749e+00
  -2.3552202e+00
  -2.2660247e+00
  -2.1798921e+00
  -2.0967284e+00
  -2.0164421e+00
  -1.9389442e+00
  -1.8641480e+00
  -1.7919690e+00
  -1.7223249e+00
  -1.6551358e+00
  -1.5903238e+00
  -1.5278133e+00
  -1.4675305e+00
  -1.4094038e+00
  -1.3533637e+00
  -1.2993423e+00
  -1.2472740e+00
  -1.1970948e+00
  -1.1487425e+00
  -1.1021569e+00
  -1.0572793e+00
  -1.0140529e+00
  -9.7242231e-01
  -9.3233401e-01
  -8.9373593e-01
  -8.5657756e-01
  -8.2080992e-01
  -7.8638547e-01
  -7.5325813e-01
  -7.2138320e-01
  -6.9071734e-01
  -6.6121855e-01
  -6.3284614e-01
  -6.0556064e-01
  -5.7932385e-01
  -5.5409874e-01
  -5.2984946e-01
  -5.0654129e-01
  -4.8414061e-01
  -4.6261489e-01
  -4.4193262e-01
  -4.2206334e-01
  -4.0297755e-01
  -3.8464674e-01
  -3.6704329e-01
  -3.5014054e-01
  -3.3391269e-01
  -3.1833478e-01
  -3.0338272e-01
  -2.8903320e-01
  -2.7526372e-01
  -2.6205250e-01
  -2.4937856e-01
  -2.3722159e-01
  -2.2556199e-01
  -2.1438085e-01
  -2.0365990e-01
  -1.9338151e-01
  -1.8352868e-01
  -1.7408497e-01
  -1.6503456e-01
  -1.5636216e-01
  -1.4805305e-01
  -1.4009302e-01
  -1.3246836e-01
  -1.2516587e-01
  -1.1817283e-01
  -1.1147697e-01
  -1.0506647e-01
  -9.8929937e-02
  -9.3056413e-02
  -8.7435330e-02
  -8.2056517e-02
  -7.6910180e-02
  -7.1986889e-02
  -6.7277571e-02
  -6.2773490e-02
  -5.8466244e-02
  -5.4347746e-02
  -5.0410220e-02
  -4.6646183e-02
  -4.3048443e-02
  -3.9610082e-02
  -3.6324450e-02
  -3.3185155e-02
  -3.0186055e-02
  -2.7321244e-02
  -2.4585051e-02
  -2.1972028e-02
  -1.9476939e-02
  -1.7094759e-02
  -1.4820661e-02
  -1.2650010e-02
  -1.0578357e-02
  -8.6014339e-03
  -6.7151416e-03
  -4.9155482e-03
  -3.1988813e-03
  -1.5615222e-03
  -5.2282973e-17
