                0.                 0.                 0.                 1.9699E-15 
                1.E-03          -144.969E-36          3.84118E-30        1.8711E-09 
                2.E-03           -66.1594E-30        17.8578E-30         2.25169E-09
                3.E-03            40.9262E-30         7.72375E-30        2.58895E-09
                4.E-03          -364.325E-30        123.237E-30          2.97433E-09
                5.E-03           -32.5875E-30       665.448E-30          3.41464E-09
                6.E-03            -1.36278E-27      646.817E-30          3.91759E-09
                7.E-03          -697.343E-30        240.721E-30          4.49197E-09
                8.E-03           874.973E-30        998.701E-30          5.14772E-09
                9.E-03            -1.25947E-27        2.07433E-27        5.89614E-09
               10.E-03           487.721E-30          1.19669E-27        6.75002E-09
               11.E-03           -94.9067E-30        -1.4696E-27         7.72386E-09
               12.E-03             2.07532E-27        4.10448E-27        8.8341E-09 
               13.E-03           299.493E-30          1.24083E-27       10.0993E-09 
               14.E-03            -1.63352E-27       -9.9595E-27        11.5405E-09 
               15.E-03            13.4958E-27         2.60207E-27       13.1814E-09 
               16.E-03            11.2726E-27         5.8739E-27        15.0488E-09 
               17.E-03             9.70896E-27       -3.57559E-27       17.1731E-09 
               18.E-03            -2.56721E-27        4.16457E-27       19.5885E-09 
               19.E-03            -6.06777E-27       -8.94046E-27       22.3333E-09 
               20.E-03            17.126E-27         15.3435E-27        25.4511E-09 
               21.E-03            -8.63343E-27        9.03298E-27       28.9908E-09 
               22.E-03            -1.10479E-27      -26.4371E-27        33.0074E-09 
               23.E-03           -34.3644E-27       -10.9496E-27        37.5628E-09 
               24.E-03             6.39998E-27       17.038E-27         42.7267E-09 
               25.E-03           -81.1922E-27       -32.9425E-27        48.5773E-09 
               26.E-03            -9.46633E-27        8.00307E-27       55.2025E-09 
               27.E-03            13.1351E-27       -25.5131E-27        62.7007E-09 
               28.E-03            -5.33527E-27       29.0095E-27        71.1828E-09 
               29.E-03           -17.274E-27         11.5511E-27        80.7725E-09 
               30.E-03           -61.7112E-27        53.0244E-27        91.6087E-09 
               31.E-03             1.79943E-27       -7.95145E-27      103.847E-09  
               32.E-03           -50.1938E-27        42.0117E-27       117.661E-09  
               33.E-03            -7.58037E-27      -53.0178E-27       133.246E-09  
               34.E-03            65.9914E-27       133.262E-27        150.819E-09  
               35.E-03            59.935E-27        197.716E-27        170.623E-09  
               36.E-03           173.391E-27         36.7086E-27       192.928E-09  
               37.E-03           -27.6553E-27       493.933E-27        218.038E-09  
               38.E-03           245.431E-27        336.902E-27        246.289E-09  
               39.E-03          -303.244E-27         32.1863E-27       278.058E-09  
               40.E-03           -70.8016E-27      -151.604E-27        313.762E-09  
               41.E-03          -261.106E-27        432.742E-27        353.867E-09  
               42.E-03           328.157E-27        388.16E-27         398.89E-09   
               43.E-03           279.095E-27          1.07487E-24      449.408E-09  
               44.E-03          -113.668E-27       -787.677E-27        506.059E-09  
               45.E-03          -659.452E-27       -346.943E-27        569.552E-09  
               46.E-03           437.387E-27        592.97E-27         640.677E-09  
               47.E-03           -27.0675E-27      -176.125E-27        720.304E-09  
               48.E-03           786.038E-27          1.32051E-24      809.401E-09  
               49.E-03           120.271E-27         -1.20544E-24      909.04E-09   
               50.E-03           231.569E-27          2.16401E-24        1.02041E-06
               51.E-03            -1.59411E-24     -159.942E-27          1.14481E-06
               52.E-03           333.258E-27          8.06976E-27        1.2837E-06 
               53.E-03          -377.421E-27          1.60544E-24        1.43868E-06
               54.E-03             1.07171E-24        1.16731E-24        1.61151E-06
               55.E-03            -3.58546E-24        3.26032E-24        1.80414E-06
               56.E-03             1.96195E-24        3.2825E-24         2.01873E-06
               57.E-03             6.09233E-24      663.447E-27          2.25763E-06
               58.E-03            -5.09201E-24       -4.12619E-24        2.52347E-06
               59.E-03            -6.33593E-24       -1.93848E-24        2.81909E-06
               60.E-03             8.55841E-24        8.41129E-24        3.14767E-06
               61.E-03             6.77168E-24      -62.0455E-27         3.51267E-06
               62.E-03            -2.168E-24         -6.99535E-24        3.91788E-06
               63.E-03             1.67917E-24       -3.04775E-24        4.3675E-06 
               64.E-03            -3.20689E-24       -1.07243E-24        4.86611E-06
               65.E-03             4.26005E-24      780.273E-27          5.41872E-06
               66.E-03            -1.8564E-24      -741.413E-27          6.03085E-06
               67.E-03            -7.26143E-24        7.44311E-24        6.70851E-06
               68.E-03            -2.82781E-24      748.456E-27          7.4583E-06 
               69.E-03            -6.44729E-24        2.77777E-24        8.28742E-06
               70.E-03            -6.95505E-24        1.12967E-24        9.20373E-06
               71.E-03            14.2655E-24        16.3567E-24        10.2158E-06 
               72.E-03            10.7611E-24        17.7757E-24        11.3331E-06 
               73.E-03          -241.808E-27         -4.19223E-24       12.5657E-06 
               74.E-03             1.83357E-24       20.7289E-24        13.9249E-06 
               75.E-03           154.788E-27        -13.5357E-24        15.4227E-06 
               76.E-03            29.2721E-24       -13.2276E-24        17.0723E-06 
               77.E-03            -8.44189E-24      -55.1023E-24        18.8881E-06 
               78.E-03           -19.1669E-24       -20.7934E-24        20.8856E-06 
               79.E-03            31.2461E-24        34.3545E-24        23.0818E-06 
               80.E-03           -10.0468E-24        17.0073E-24        25.495E-06  
               81.E-03            -4.00018E-24        3.45715E-24       28.1452E-06 
               82.E-03            74.3157E-24        14.5414E-24        31.0538E-06 
               83.E-03            38.0093E-24        33.2423E-24        34.2442E-06 
               84.E-03           -15.5436E-24        45.6296E-24        37.7417E-06 
               85.E-03            28.2578E-24       118.766E-24         41.5736E-06 
               86.E-03            -7.61197E-24     -135.326E-24         45.7694E-06 
               87.E-03            -5.99334E-24      -10.5476E-24        50.361E-06  
               88.E-03          -173.829E-24         -1.73068E-24       55.3826E-06 
               89.E-03            -8.69506E-24       18.789E-24         60.8714E-06 
               90.E-03            22.6635E-24        57.4994E-24        66.8671E-06 
               91.E-03            52.5557E-24        81.2571E-24        73.4129E-06 
               92.E-03            28.0988E-24       172.721E-24         80.5548E-06 
               93.E-03           -62.802E-24         97.7885E-24        88.3425E-06 
               94.E-03           400.137E-24         -7.35854E-24       96.8292E-06 
               95.E-03           -34.2999E-24      -254.269E-24        106.072E-06  
               96.E-03          -233.749E-24       -385.032E-24        116.133E-06  
               97.E-03          -181.512E-24        277.137E-24        127.077E-06  
               98.E-03            -2.1571E-24      -153.787E-24        138.975E-06  
               99.E-03          -593.014E-24       -245.299E-24        151.901E-06  
              100.E-03          -331.395E-24       -281.386E-24        165.938E-06  
              101.E-03           120.548E-24        635.896E-24        181.169E-06  
              102.E-03           416.945E-24       -226.512E-24        197.687E-06  
              103.E-03           174.471E-24        -75.7313E-24       215.59E-06   
              104.E-03           595.246E-24       -199.052E-24        234.982E-06  
              105.E-03           472.885E-24        568.547E-24        255.974E-06  
              106.E-03          -315.043E-24        827.964E-24        278.683E-06  
              107.E-03             1.43962E-21      615.653E-24        303.235E-06  
              108.E-03            -1.3284E-21       -98.7396E-24       329.762E-06  
              109.E-03           715.597E-24        262.517E-24        358.407E-06  
              110.E-03          -291.493E-24       -698.853E-24        389.317E-06  
              111.E-03          -356.546E-24         88.6608E-24       422.653E-06  
              112.E-03           140.796E-24          1.21883E-21      458.58E-06   
              113.E-03          -267.381E-24        293.412E-24        497.277E-06  
              114.E-03            -1.71001E-21       -2.05732E-21      538.929E-06  
              115.E-03           -83.2566E-24       310.655E-24        583.734E-06  
              116.E-03            -1.86E-21        -739.755E-24        631.899E-06  
              117.E-03            38.5202E-24      -767.994E-24        683.644E-06  
              118.E-03             2.0367E-21        -1.63115E-21      739.198E-06  
              119.E-03            -2.2622E-21        -1.8122E-21       798.803E-06  
              120.E-03             4.80889E-21      112.883E-24        862.713E-06  
              121.E-03          -978.094E-24       -577.662E-24        931.192E-06  
              122.E-03          -678.298E-24          1.76311E-21        1.00452E-03
              123.E-03          -923.928E-24         -1.03727E-21        1.08299E-03
              124.E-03             1.94247E-21        1.25587E-21        1.1669E-03 
              125.E-03             2.26028E-21       -1.51405E-21        1.25657E-03
              126.E-03           217.079E-24          2.5302E-21         1.35234E-03
              127.E-03            -3.44126E-21       -4.33034E-21        1.45455E-03
              128.E-03             3.10226E-21     -487.989E-24          1.56355E-03
              129.E-03             1.30108E-21        3.46876E-21        1.67972E-03
              130.E-03             6.32642E-21       -1.54939E-21        1.80345E-03
              131.E-03             7.53611E-21        6.1098E-21         1.93513E-03
              132.E-03            -2.33606E-21     -162.384E-24          2.07518E-03
              133.E-03             2.19429E-21        3.19647E-21        2.22403E-03
              134.E-03            -3.29331E-21       -3.10834E-21        2.38212E-03
              135.E-03            -2.35394E-21        2.05572E-21        2.5499E-03 
              136.E-03             3.98225E-21        1.38643E-21        2.72784E-03
              137.E-03            -1.20654E-21       -1.61303E-21        2.91641E-03
              138.E-03            -7.6169E-21        -2.71068E-21        3.11612E-03
              139.E-03            -2.34863E-21        1.73583E-21        3.32747E-03
              140.E-03           -10.2035E-21        -1.89747E-21        3.55096E-03
              141.E-03            -3.76102E-21       18.8368E-21         3.78712E-03
              142.E-03             1.62594E-21       12.5204E-21         4.03648E-03
              143.E-03            11.4301E-21        17.6915E-21         4.29958E-03
              144.E-03           -10.8153E-21        34.7891E-21         4.57696E-03
              145.E-03             7.39888E-21       -7.6252E-21         4.86919E-03
              146.E-03             6.69655E-21       12.8939E-21         5.17681E-03
              147.E-03            14.3725E-21       -11.0001E-21         5.50038E-03
              148.E-03           -20.2896E-21         1.47164E-21        5.84047E-03
              149.E-03           -20.322E-21        -15.8362E-21         6.19762E-03
              150.E-03            22.3129E-21         5.43428E-21        6.57239E-03
              151.E-03             1.63832E-21      -40.418E-21          6.96534E-03
              152.E-03           -45.3547E-21       -17.107E-21          7.377E-03  
              153.E-03            -6.86578E-21       49.0645E-21         7.80791E-03
              154.E-03            -9.96305E-21      -61.9262E-21         8.25858E-03
              155.E-03           -50.0624E-21       -13.7121E-21         8.72953E-03
              156.E-03           -45.6741E-21        46.2783E-21         9.22123E-03
              157.E-03           -35.0943E-21        -2.79242E-21        9.73415E-03
              158.E-03            12.985E-21        -19.482E-21         10.2687E-03 
              159.E-03           -83.2402E-21         8.35042E-21       10.8254E-03 
              160.E-03           -32.8413E-21        42.4176E-21        11.4045E-03 
              161.E-03           -31.443E-21         42.9604E-21        12.0064E-03 
              162.E-03           -46.8433E-21       -28.6337E-21        12.6315E-03 
              163.E-03          -119.61E-21           1.43755E-21       13.2799E-03 
              164.E-03            53.5812E-21       -23.2829E-21        13.9519E-03 
              165.E-03            -2.98292E-21       -3.15489E-21       14.6476E-03 
              166.E-03            14.9823E-21       -48.0748E-21        15.3673E-03 
              167.E-03          -113.419E-21         73.9744E-21        16.1108E-03 
              168.E-03           -36.8337E-21         2.44071E-21       16.8782E-03 
              169.E-03            14.0587E-21        60.9504E-21        17.6695E-03 
              170.E-03           -84.2669E-21        98.3731E-21        18.4843E-03 
              171.E-03          -145.814E-21       -131.215E-21         19.3227E-03 
              172.E-03           -38.5276E-21       141.813E-21         20.184E-03  
              173.E-03           100.747E-21         88.6781E-21        21.0681E-03 
              174.E-03            43.6202E-21       -95.0589E-21        21.9743E-03 
              175.E-03            90.8102E-21       169.169E-21         22.9021E-03 
              176.E-03            52.2853E-21      -103.864E-21         23.8507E-03 
              177.E-03           254.166E-21        -50.8646E-21        24.8193E-03 
              178.E-03           373.126E-21        -94.3987E-21        25.8069E-03 
              179.E-03          -178.658E-21        -58.8531E-21        26.8126E-03 
              180.E-03          -124.783E-21         82.3123E-21        27.8351E-03 
              181.E-03           -55.1159E-21        23.6961E-21        28.8732E-03 
              182.E-03          -111.98E-21         185.288E-21         29.9253E-03 
              183.E-03          -122.221E-21         -3.80787E-21       30.9899E-03 
              184.E-03           227.416E-21        -76.2878E-21        32.0653E-03 
              185.E-03           282.462E-21        324.06E-21          33.1496E-03 
              186.E-03          -103.696E-21        110.382E-21         34.2408E-03 
              187.E-03           212.376E-21       -282.988E-21         35.3368E-03 
              188.E-03          -159.803E-21       -188.563E-21         36.4351E-03 
              189.E-03            31.4935E-21       302.665E-21         37.5334E-03 
              190.E-03           101.915E-21       -326.927E-21         38.6291E-03 
              191.E-03           385.059E-21        302.163E-21         39.7192E-03 
              192.E-03           721.929E-21       -212.543E-21         40.8009E-03 
              193.E-03           105.299E-21        436.608E-21         41.8711E-03 
              194.E-03           269.036E-21        360.017E-21         42.9265E-03 
              195.E-03           361.897E-21       -144.759E-21         43.9637E-03 
              196.E-03           399.851E-21       -413.311E-21         44.979E-03  
              197.E-03           141.01E-21         -79.5804E-21        45.9689E-03 
              198.E-03           352.574E-21        -11.6266E-21        46.9293E-03 
              199.E-03           179.723E-21        387.462E-21         47.8562E-03 
              200.E-03             1.00237E-18     -166.65E-21          48.7454E-03 
              201.E-03           328.498E-21        285.9E-21           49.5927E-03 
              202.E-03           -28.0061E-21       142.669E-21         50.3935E-03 
              203.E-03           946.857E-21        488.061E-21         51.1434E-03 
              204.E-03          -307.821E-21       -249.021E-21         51.8375E-03 
              205.E-03          -190.537E-21        582.456E-21         52.4711E-03 
              206.E-03           395.255E-21       -324.969E-21         53.0393E-03 
              207.E-03           598.514E-21        644.915E-21         53.5371E-03 
              208.E-03           661.082E-21         78.4919E-21        53.9594E-03 
              209.E-03          -300.475E-21       -140.042E-21         54.301E-03  
              210.E-03            32.2463E-21       491.971E-21         54.5568E-03 
              211.E-03          -466.178E-21        201.778E-21         54.7214E-03 
              212.E-03           -57.5009E-21       892.607E-21         54.7897E-03 
              213.E-03          -163.006E-21        780.37E-21          54.7563E-03 
              214.E-03          -302.78E-21        -263.143E-21         54.6161E-03 
              215.E-03           267.31E-21        -318.328E-21         54.3637E-03 
              216.E-03           255.133E-21        635.284E-21         53.9938E-03 
              217.E-03           721.476E-21          1.21769E-18       53.5014E-03 
              218.E-03             2.15672E-18        2.10731E-18       52.8813E-03 
              219.E-03            -1.74855E-18     -896.093E-21         52.1287E-03 
              220.E-03             1.44852E-18      654.056E-21         51.2385E-03 
              221.E-03             2.92352E-18     -155.531E-21         50.206E-03  
              222.E-03           352.222E-21        962.914E-21         49.0268E-03 
              223.E-03           640.403E-21         43.8205E-21        47.6963E-03 
              224.E-03          -507.249E-21          2.15673E-18       46.2105E-03 
              225.E-03             2.70619E-18        1.33782E-18       44.5652E-03 
              226.E-03            -1.28542E-18      189.597E-21         42.7568E-03 
              227.E-03             1.07497E-18      678.633E-21         40.7818E-03 
              228.E-03           508.254E-21          1.18941E-18       38.6371E-03 
              229.E-03            -1.30028E-18        2.58856E-18       36.3198E-03 
              230.E-03             1.54558E-18        2.35201E-18       33.8273E-03 
              231.E-03            -2.6022E-18         1.18355E-18       31.1575E-03 
              232.E-03            -1.02336E-18      772.382E-21         28.3086E-03 
              233.E-03            -1.40242E-18     -253.842E-21         25.2793E-03 
              234.E-03             2.0897E-18       593.199E-21         22.0685E-03 
              235.E-03           132.336E-21          1.26694E-18       18.6757E-03 
              236.E-03           828.915E-21          1.62531E-18       15.1009E-03 
              237.E-03             2.08129E-18        2.24203E-18       11.3444E-03 
              238.E-03          -759.688E-21          2.64778E-18        7.40718E-03
              239.E-03             3.38751E-18        3.22368E-18        3.29061E-03
              240.E-03          -917.122E-21          1.83788E-18       -1.00337E-03
              241.E-03            -1.94694E-18        2.96865E-18       -5.47228E-03
              242.E-03            -2.9252E-18        -1.59461E-18      -10.1131E-03 
              243.E-03             1.50926E-18      324.661E-21        -14.9223E-03 
              244.E-03             1.52464E-18      571.984E-21        -19.8956E-03 
              245.E-03             1.51402E-18       -1.4476E-18       -25.0284E-03 
              246.E-03           611.983E-21          1.11512E-18      -30.3154E-03 
              247.E-03            -1.37733E-18     -973.948E-21        -35.7506E-03 
              248.E-03            -4.29709E-18       -1.08873E-18      -41.3275E-03 
              249.E-03           -87.8763E-21         2.63699E-18      -47.0391E-03 
              250.E-03             1.00799E-18        3.2196E-18       -52.8777E-03 
              251.E-03          -792.621E-21         16.3024E-21       -58.8351E-03 
              252.E-03             1.58733E-18     -993.921E-21        -64.9025E-03 
              253.E-03            -2.18475E-18     -166.349E-21        -71.0704E-03 
              254.E-03          -905.818E-21       -851.178E-21        -77.3289E-03 
              255.E-03             2.58464E-18        1.52568E-18      -83.6675E-03 
              256.E-03            -3.90956E-18     -414.468E-21        -90.0752E-03 
              257.E-03             1.40854E-18        2.98918E-18      -96.5405E-03 
              258.E-03            -2.03656E-18        1.09999E-18     -103.051E-03  
              259.E-03             1.69288E-18        3.55598E-18     -109.595E-03  
              260.E-03          -442.653E-21        636.335E-21       -116.159E-03  
              261.E-03           400.856E-21          3.93202E-18     -122.73E-03   
              262.E-03            -3.00957E-18        3.03978E-18     -129.294E-03  
              263.E-03            -1.11383E-18        1.95414E-18     -135.837E-03  
              264.E-03             1.88508E-18        1.94116E-18     -142.344E-03  
              265.E-03             1.2537E-18         1.03954E-18     -148.801E-03  
              266.E-03             1.76639E-18        2.67725E-18     -155.193E-03  
              267.E-03             6.78924E-18        2.2548E-18      -161.504E-03  
              268.E-03           872.119E-21          2.59897E-18     -167.72E-03   
              269.E-03            -3.37606E-18        1.40476E-18     -173.824E-03  
              270.E-03             1.00384E-18        1.4549E-18      -179.801E-03  
              271.E-03           154.29E-21           2.31153E-18     -185.636E-03  
              272.E-03             1.75486E-18        4.34396E-18     -191.312E-03  
              273.E-03          -469.505E-21          1.77981E-18     -196.814E-03  
              274.E-03             6.80473E-18        4.79259E-18     -202.126E-03  
              275.E-03             5.39936E-18        2.3339E-18      -207.233E-03  
              276.E-03            -1.63518E-18        6.16599E-18     -212.12E-03   
              277.E-03             2.30954E-18        4.83318E-18     -216.772E-03  
              278.E-03             1.81076E-18        2.2774E-18      -221.173E-03  
              279.E-03          -496.384E-21          3.45875E-18     -225.31E-03   
              280.E-03             1.39493E-18        2.50584E-18     -229.168E-03  
              281.E-03          -137.719E-21          2.37211E-18     -232.733E-03  
              282.E-03          -700.81E-21        -243.152E-21       -235.992E-03  
              283.E-03            -1.1658E-18         1.00002E-18     -238.933E-03  
              284.E-03             1.93921E-18        4.53328E-18     -241.544E-03  
              285.E-03             3.02927E-18        6.1803E-18      -243.812E-03  
              286.E-03             1.22553E-18        8.46385E-18     -245.726E-03  
              287.E-03          -935.457E-21          5.66677E-18     -247.277E-03  
              288.E-03           816.558E-21          2.50991E-18     -248.455E-03  
              289.E-03            -2.44513E-18        1.46317E-18     -249.25E-03   
              290.E-03             1.14372E-18        3.23585E-18     -249.656E-03  
              291.E-03             1.8425E-18         4.51328E-18     -249.664E-03  
              292.E-03            -1.4622E-18         3.93204E-18     -249.268E-03  
              293.E-03             2.60579E-18        4.8697E-18      -248.462E-03  
              294.E-03          -727.12E-21           3.18115E-18     -247.242E-03  
              295.E-03             4.28368E-18        3.63815E-18     -245.605E-03  
              296.E-03             2.00362E-18        1.90017E-18     -243.547E-03  
              297.E-03             2.51284E-18        2.87705E-18     -241.066E-03  
              298.E-03             2.99947E-18        4.12133E-18     -238.161E-03  
              299.E-03             2.59405E-18        3.10065E-18     -234.833E-03  
              300.E-03             3.37904E-18        3.94388E-18     -231.083E-03  
              301.E-03             2.51641E-18        2.80256E-18     -226.912E-03  
              302.E-03             1.51871E-18        4.18977E-18     -222.324E-03  
              303.E-03             1.7014E-18         3.68324E-18     -217.323E-03  
              304.E-03             2.79646E-18        3.42565E-18     -211.913E-03  
              305.E-03             1.9552E-18         3.65691E-18     -206.101E-03  
              306.E-03             2.64372E-18        3.81198E-18     -199.894E-03  
              307.E-03             1.96693E-18        2.98335E-18     -193.299E-03  
              308.E-03             2.52107E-18        4.13522E-18     -186.325E-03  
              309.E-03             3.20271E-18        3.21566E-18     -178.983E-03  
              310.E-03             3.32369E-18        1.92259E-18     -171.282E-03  
              311.E-03             2.31877E-18        1.17146E-18     -163.234E-03  
              312.E-03             3.59794E-18        2.23484E-18     -154.852E-03  
              313.E-03             1.64061E-18      435.522E-21       -146.149E-03  
              314.E-03             3.24272E-18      995.124E-21       -137.138E-03  
              315.E-03             5.1132E-18         2.8279E-18      -127.834E-03  
              316.E-03             4.48064E-18        1.31756E-18     -118.252E-03  
              317.E-03             2.26247E-18       -1.99669E-18     -108.409E-03  
              318.E-03             5.89349E-18        1.63152E-18      -98.321E-03  
              319.E-03             5.64289E-18        3.2066E-18       -88.0049E-03 
              320.E-03            -2.33865E-18       93.4963E-21       -77.4786E-03 
              321.E-03             3.28764E-18     -992.652E-21        -66.7602E-03 
              322.E-03             4.14138E-18       -1.01001E-18      -55.8683E-03 
              323.E-03          -204.618E-21        811.489E-21        -44.8218E-03 
              324.E-03             5.16417E-18        1.13498E-18      -33.6398E-03 
              325.E-03             8.03718E-18       -2.75742E-18      -22.3421E-03 
              326.E-03             2.04254E-18       -2.29155E-18      -10.9481E-03 
              327.E-03          -325.368E-21          2.77819E-18      521.88E-06   
              328.E-03             1.61838E-18       -4.99365E-18       12.048E-03  
              329.E-03             7.31253E-18     -439.541E-21         23.6102E-03 
              330.E-03             2.65458E-18        4.92462E-18       35.1883E-03 
              331.E-03            -8.07493E-18       -3.10822E-18       46.7623E-03 
              332.E-03             4.33051E-18     -155.527E-21         58.3122E-03 
              333.E-03            -2.17514E-18       -6.20568E-18       69.818E-03  
              334.E-03            10.4299E-18        -3.06468E-18       81.2602E-03 
              335.E-03             3.75187E-18        1.61485E-18       92.6194E-03 
              336.E-03             3.76734E-18       -4.0323E-18       103.876E-03  
              337.E-03            -8.97068E-18        2.42082E-18      115.012E-03  
              338.E-03            -2.18727E-18      -10.1191E-18       126.009E-03  
              339.E-03             5.00146E-18      138.725E-21        136.848E-03  
              340.E-03            11.8632E-18       842.379E-21        147.512E-03  
              341.E-03            -2.8408E-18         7.57374E-18      157.983E-03  
              342.E-03             1.92083E-18       -3.38757E-18      168.246E-03  
              343.E-03           -11.0727E-18        -3.49919E-18      178.285E-03  
              344.E-03             6.85423E-18        2.06661E-18      188.083E-03  
              345.E-03            -6.00765E-18       -9.76311E-18      197.626E-03  
              346.E-03           881.941E-21         -1.90588E-18      206.901E-03  
              347.E-03            -1.12722E-18       -6.52592E-18      215.893E-03  
              348.E-03             2.31537E-18        2.69128E-18      224.589E-03  
              349.E-03             6.76694E-18       -1.23129E-18      232.979E-03  
              350.E-03             1.31305E-18       -1.65225E-18      241.05E-03   
              351.E-03            -6.9384E-18        -4.94703E-18      248.791E-03  
              352.E-03             8.90771E-18       -5.90005E-18      256.194E-03  
              353.E-03            -4.03138E-18       -5.13731E-18      263.249E-03  
              354.E-03            -7.94487E-18       -3.90887E-18      269.948E-03  
              355.E-03            -1.1306E-18        -4.97116E-18      276.284E-03  
              356.E-03             2.36917E-18       -9.5638E-18       282.249E-03  
              357.E-03             3.19765E-18       -3.96443E-18      287.838E-03  
              358.E-03           722.067E-21         -3.08348E-18      293.046E-03  
              359.E-03           896.806E-21         -5.61777E-18      297.869E-03  
              360.E-03           -10.1863E-18        -7.19103E-18      302.303E-03  
              361.E-03           710.853E-21         -2.30791E-18      306.345E-03  
              362.E-03            -6.42073E-18       -2.68588E-18      309.994E-03  
              363.E-03            -4.24684E-18      -16.9486E-18       313.248E-03  
              364.E-03           -11.4992E-18        -1.66592E-18      316.107E-03  
              365.E-03             1.70871E-18       -1.47358E-18      318.571E-03  
              366.E-03            -5.48629E-18      -10.7321E-18       320.642E-03  
              367.E-03            -5.03334E-18       -4.93793E-18      322.319E-03  
              368.E-03            -9.03375E-18      -11.5128E-18       323.607E-03  
              369.E-03            -5.71756E-18       -4.32981E-18      324.508E-03  
              370.E-03            -8.40738E-18      -12.0487E-18       325.026E-03  
              371.E-03            -9.79048E-18      -12.9533E-18       325.165E-03  
              372.E-03           -14.0743E-18       -10.3453E-18       324.929E-03  
              373.E-03           -10.5412E-18        -3.40496E-18      324.324E-03  
              374.E-03          -715.113E-21         -5.48544E-18      323.356E-03  
              375.E-03           -14.2055E-18        -3.77899E-18      322.031E-03  
              376.E-03           -15.8892E-18        -1.51019E-18      320.356E-03  
              377.E-03            -7.31011E-18      -12.4337E-18       318.339E-03  
              378.E-03           -23.515E-18        -10.713E-18        315.987E-03  
              379.E-03           -24.7652E-18        -8.46727E-18      313.308E-03  
              380.E-03           -23.6781E-18        -8.46647E-18      310.311E-03  
              381.E-03           -26.3764E-18        -4.86663E-18      307.004E-03  
              382.E-03           -16.9158E-18        -9.59449E-18      303.397E-03  
              383.E-03           -24.6485E-18        -3.94241E-18      299.499E-03  
              384.E-03            -9.16563E-18       -6.73125E-18      295.32E-03   
              385.E-03           -18.2101E-18        -6.25089E-18      290.87E-03   
              386.E-03           -25.3878E-18       -10.2508E-18       286.158E-03  
              387.E-03           -15.8654E-18        -8.75242E-18      281.196E-03  
              388.E-03           -21.7801E-18       -15.4806E-18       275.993E-03  
              389.E-03           -20.5486E-18       -17.2567E-18       270.56E-03   
              390.E-03           -16.074E-18        -13.9287E-18       264.908E-03  
              391.E-03           -17.8998E-18       -20.2826E-18       259.047E-03  
              392.E-03           -23.6426E-18        -5.96523E-18      252.989E-03  
              393.E-03           -13.4839E-18        -9.50059E-18      246.744E-03  
              394.E-03           -20.8799E-18       -11.1536E-18       240.322E-03  
              395.E-03           -25.7586E-18       -11.5809E-18       233.736E-03  
              396.E-03           -18.1439E-18       -11.2768E-18       226.995E-03  
              397.E-03           -17.0556E-18       -16.1025E-18       220.111E-03  
              398.E-03           -13.3774E-18       -14.8746E-18       213.093E-03  
              399.E-03           -11.8684E-18       -14.1389E-18       205.954E-03  
              400.E-03           -11.2773E-18       -10.2185E-18       198.702E-03  
              401.E-03           -14.451E-18        -10.6901E-18       191.35E-03   
              402.E-03           -18.2033E-18       -11.186E-18        183.906E-03  
              403.E-03           -21.9504E-18       -13.473E-18        176.381E-03  
              404.E-03           -17.9545E-18       -12.9289E-18       168.785E-03  
              405.E-03           -13.0904E-18       -16.6067E-18       161.128E-03  
              406.E-03           -20.7009E-18       -15.0031E-18       153.42E-03   
              407.E-03           -17.1713E-18       -15.3747E-18       145.669E-03  
              408.E-03           -15.5096E-18       -13.6671E-18       137.886E-03  
              409.E-03           -15.9188E-18       -11.0148E-18       130.079E-03  
              410.E-03           -16.0012E-18       -17.1135E-18       122.257E-03  
              411.E-03           -14.7503E-18       -14.2798E-18       114.429E-03  
              412.E-03           -14.9543E-18       -16.2481E-18       106.603E-03  
              413.E-03           -13.9288E-18       -14.6476E-18        98.7877E-03 
              414.E-03           -17.8258E-18       -15.5447E-18        90.9905E-03 
              415.E-03           -17.8445E-18       -10.4127E-18        83.2195E-03 
              416.E-03           -15.9945E-18       -13.1032E-18        75.4819E-03 
              417.E-03           -17.4942E-18       -16.3715E-18        67.7852E-03 
              418.E-03           -18.5155E-18       -15.0525E-18        60.1363E-03 
              419.E-03           -18.3641E-18       -13.439E-18         52.5418E-03 
              420.E-03           -17.1079E-18       -14.7297E-18        45.0085E-03 
              421.E-03           -14.0199E-18       -17.7314E-18        37.5424E-03 
              422.E-03           -15.1837E-18       -20.7363E-18        30.1497E-03 
              423.E-03           -13.7667E-18       -16.0169E-18        22.8361E-03 
              424.E-03           -20.39E-18         -16.2281E-18        15.6071E-03 
              425.E-03           -16.3195E-18       -15.1642E-18         8.46807E-03
              426.E-03           -15.9963E-18       -21.4441E-18         1.42397E-03
              427.E-03           -16.2704E-18       -19.0251E-18        -5.52035E-03
              428.E-03           -17.8625E-18       -17.3541E-18       -12.3603E-03 
              429.E-03           -14.7411E-18       -16.9065E-18       -19.0916E-03 
              430.E-03           -12.7511E-18       -17.3164E-18       -25.7101E-03 
              431.E-03           -15.2872E-18       -17.0208E-18       -32.212E-03  
              432.E-03           -13.2096E-18       -18.1723E-18       -38.5936E-03 
              433.E-03            -9.45272E-18      -12.6855E-18       -44.8514E-03 
              434.E-03           -14.3354E-18       -18.9943E-18       -50.9823E-03 
              435.E-03           -13.9907E-18       -16.5673E-18       -56.9832E-03 
              436.E-03           -12.467E-18        -14.9208E-18       -62.8514E-03 
              437.E-03           -12.7869E-18       -15.3528E-18       -68.5844E-03 
              438.E-03           -15.2286E-18       -15.9196E-18       -74.1796E-03 
              439.E-03           -12.3362E-18       -17.2686E-18       -79.635E-03  
              440.E-03           -12.0059E-18       -15.2588E-18       -84.9486E-03 
              441.E-03           -14.1215E-18       -10.5256E-18       -90.1186E-03 
              442.E-03           -12.3865E-18       -14.4022E-18       -95.1433E-03 
              443.E-03            -6.53868E-18      -13.9766E-18      -100.021E-03  
              444.E-03            -2.23645E-18       -5.21628E-18     -104.752E-03  
              445.E-03            -9.3994E-18        -8.73106E-18     -109.333E-03  
              446.E-03            -9.0193E-18        -5.89081E-18     -113.765E-03  
              447.E-03            -7.5256E-18        -6.37186E-18     -118.045E-03  
              448.E-03            -3.27987E-18       -9.63364E-18     -122.175E-03  
              449.E-03           523.793E-21         -1.4215E-18      -126.153E-03  
              450.E-03            -6.21736E-18      -11.7658E-18      -129.98E-03   
              451.E-03            -6.1423E-18        -6.95425E-18     -133.654E-03  
              452.E-03            -2.59214E-18       -7.21638E-18     -137.177E-03  
              453.E-03             1.75364E-18       -5.1891E-18      -140.547E-03  
              454.E-03            -3.59037E-18       -3.21745E-18     -143.767E-03  
              455.E-03           842.477E-21          6.10602E-18     -146.835E-03  
              456.E-03             4.47209E-18        5.74941E-18     -149.753E-03  
              457.E-03             5.13742E-18       -1.24073E-18     -152.521E-03  
              458.E-03             2.77144E-18       -4.62626E-18     -155.14E-03   
              459.E-03             1.06066E-18        1.79936E-18     -157.611E-03  
              460.E-03             9.69249E-18        5.61488E-18     -159.935E-03  
              461.E-03            15.3396E-18        13.4061E-18      -162.114E-03  
              462.E-03            10.6909E-18         8.85174E-18     -164.147E-03  
              463.E-03             5.37639E-18       10.793E-18       -166.037E-03  
              464.E-03             9.69498E-18        5.60181E-18     -167.786E-03  
              465.E-03             2.49293E-18        8.05496E-18     -169.394E-03  
              466.E-03             4.76111E-18       11.4589E-18      -170.863E-03  
              467.E-03            13.794E-18         12.2516E-18      -172.196E-03  
              468.E-03             4.62347E-18        4.23739E-18     -173.393E-03  
              469.E-03             6.6879E-18        12.5997E-18      -174.456E-03  
              470.E-03          -458.72E-21          13.0839E-18      -175.389E-03  
              471.E-03           -75.0636E-21         3.59892E-18     -176.191E-03  
              472.E-03            -4.07421E-18        9.53219E-18     -176.867E-03  
              473.E-03            -4.44113E-18        8.3076E-18      -177.417E-03  
              474.E-03             5.0156E-18        12.9949E-18      -177.843E-03  
              475.E-03             9.98563E-18       10.9816E-18      -178.149E-03  
              476.E-03             5.90466E-18       12.6754E-18      -178.337E-03  
              477.E-03             4.65207E-18       17.7247E-18      -178.408E-03  
              478.E-03            11.9536E-18        15.3786E-18      -178.365E-03  
              479.E-03             7.80291E-18        8.20281E-18     -178.211E-03  
              480.E-03             9.38465E-18       15.8612E-18      -177.947E-03  
              481.E-03            17.2187E-18        24.1449E-18      -177.577E-03  
              482.E-03            18.1903E-18        12.7568E-18      -177.103E-03  
              483.E-03            10.9931E-18        17.491E-18       -176.528E-03  
              484.E-03            14.9505E-18        13.6106E-18      -175.853E-03  
              485.E-03            13.609E-18         21.451E-18       -175.083E-03  
              486.E-03            21.0769E-18        22.3402E-18      -174.218E-03  
              487.E-03            19.4542E-18        16.1456E-18      -173.263E-03  
              488.E-03            18.98E-18          21.2506E-18      -172.218E-03  
              489.E-03            20.2586E-18        21.5909E-18      -171.088E-03  
              490.E-03            25.5186E-18        22.2105E-18      -169.875E-03  
              491.E-03            22.1271E-18        25.2037E-18      -168.581E-03  
              492.E-03            23.9556E-18        22.7552E-18      -167.21E-03   
              493.E-03            20.536E-18         28.4249E-18      -165.763E-03  
              494.E-03            25.209E-18         28.3082E-18      -164.243E-03  
              495.E-03            19.5942E-18        24.7819E-18      -162.653E-03  
              496.E-03            24.1509E-18        25.0306E-18      -160.996E-03  
              497.E-03            19.451E-18         22.9923E-18      -159.274E-03  
              498.E-03            22.3719E-18        24.671E-18       -157.49E-03   
              499.E-03            26.3984E-18        30.673E-18       -155.646E-03  
              500.E-03            23.2E-18           24.917E-18       -153.745E-03  
              501.E-03            21.3055E-18        26.9485E-18      -151.79E-03   
              502.E-03            23.7627E-18        29.8597E-18      -149.782E-03  
              503.E-03            21.2212E-18        25.564E-18       -147.725E-03  
              504.E-03            24.5939E-18        26.3651E-18      -145.62E-03   
              505.E-03            28.5964E-18        31.6075E-18      -143.47E-03   
              506.E-03            29.8447E-18        32.2703E-18      -141.278E-03  
              507.E-03            28.348E-18         32.6308E-18      -139.046E-03  
              508.E-03            24.6196E-18        32.3669E-18      -136.776E-03  
              509.E-03            24.464E-18         33.1055E-18      -134.471E-03  
              510.E-03            28.8042E-18        34.7444E-18      -132.132E-03  
              511.E-03            26.2242E-18        27.4899E-18      -129.761E-03  
              512.E-03            27.8727E-18        26.21E-18        -127.362E-03  
              513.E-03            27.0094E-18        27.3962E-18      -124.936E-03  
              514.E-03            29.46E-18          26.4792E-18      -122.484E-03  
              515.E-03            25.0492E-18        30.9697E-18      -120.01E-03   
              516.E-03            24.532E-18         26.5147E-18      -117.514E-03  
              517.E-03            26.7886E-18        29.6625E-18      -115.E-03     
              518.E-03            25.3999E-18        28.2599E-18      -112.468E-03  
              519.E-03            24.2698E-18        26.6707E-18      -109.92E-03   
              520.E-03            23.8535E-18        23.8392E-18      -107.359E-03  
              521.E-03            23.737E-18         26.315E-18       -104.786E-03  
              522.E-03            21.8382E-18        26.2999E-18      -102.202E-03  
              523.E-03            21.7613E-18        26.1547E-18       -99.6089E-03 
              524.E-03            25.4267E-18        25.3727E-18       -97.0088E-03 
              525.E-03            24.9583E-18        22.7749E-18       -94.4027E-03 
              526.E-03            22.864E-18         25.7892E-18       -91.7922E-03 
              527.E-03            25.0518E-18        27.6874E-18       -89.1786E-03 
              528.E-03            20.2878E-18        25.671E-18        -86.5633E-03 
              529.E-03            23.8108E-18        26.2435E-18       -83.9474E-03 
              530.E-03            26.8841E-18        21.0507E-18       -81.3323E-03 
              531.E-03            24.2815E-18        22.7119E-18       -78.7191E-03 
              532.E-03            20.3611E-18        23.2911E-18       -76.1089E-03 
              533.E-03            26.9963E-18        17.8392E-18       -73.5027E-03 
              534.E-03            23.7243E-18        19.0185E-18       -70.9017E-03 
              535.E-03            20.1119E-18        22.0621E-18       -68.3067E-03 
              536.E-03            19.6327E-18        20.1903E-18       -65.7188E-03 
              537.E-03            24.5797E-18        20.9355E-18       -63.1386E-03 
              538.E-03            19.8415E-18        19.404E-18        -60.5672E-03 
              539.E-03            24.5876E-18        16.6732E-18       -58.0053E-03 
              540.E-03            24.4726E-18        15.9861E-18       -55.4536E-03 
              541.E-03            23.6967E-18        15.7104E-18       -52.9127E-03 
              542.E-03            22.0297E-18        15.6846E-18       -50.3835E-03 
              543.E-03            23.3876E-18        13.9519E-18       -47.8664E-03 
              544.E-03            23.3455E-18        16.4856E-18       -45.3621E-03 
              545.E-03            23.5058E-18        12.4728E-18       -42.8711E-03 
              546.E-03            22.9231E-18        12.9889E-18       -40.3939E-03 
              547.E-03            24.1465E-18        11.0201E-18       -37.9309E-03 
              548.E-03            23.5442E-18        16.2034E-18       -35.4827E-03 
              549.E-03            21.7169E-18        11.7743E-18       -33.0495E-03 
              550.E-03            21.8128E-18        12.5603E-18       -30.6318E-03 
              551.E-03            22.8736E-18        11.7215E-18       -28.2299E-03 
              552.E-03            19.8307E-18        13.104E-18        -25.8442E-03 
              553.E-03            21.2255E-18        12.2654E-18       -23.4749E-03 
              554.E-03            19.0905E-18        12.7163E-18       -21.1222E-03 
              555.E-03            20.5417E-18        12.5642E-18       -18.7865E-03 
              556.E-03            18.3414E-18        11.4503E-18       -16.4679E-03 
              557.E-03            19.1209E-18        11.0616E-18       -14.1667E-03 
              558.E-03            20.1035E-18        12.9748E-18       -11.883E-03  
              559.E-03            19.827E-18          8.49813E-18       -9.61706E-03
              560.E-03            20.6321E-18        10.5149E-18        -7.36895E-03
              561.E-03            19.7386E-18         9.50372E-18       -5.13884E-03
              562.E-03            17.6321E-18         9.29696E-18       -2.92686E-03
              563.E-03            17.1863E-18         8.13993E-18     -733.144E-06  
              564.E-03            18.5749E-18         8.42371E-18        1.4422E-03 
              565.E-03            16.0588E-18         8.02601E-18        3.59907E-03
              566.E-03            16.5334E-18         7.18207E-18        5.73735E-03
              567.E-03            16.2689E-18         7.73231E-18        7.85696E-03
              568.E-03            17.2944E-18         5.78707E-18        9.95778E-03
              569.E-03            16.5651E-18         4.47972E-18       12.0397E-03 
              570.E-03            15.3288E-18         3.22127E-18       14.1027E-03 
              571.E-03            16.0988E-18         3.41646E-18       16.1466E-03 
              572.E-03            16.1435E-18         2.71953E-18       18.1713E-03 
              573.E-03            12.1187E-18         3.19219E-18       20.1767E-03 
              574.E-03            14.4883E-18         1.83707E-18       22.1627E-03 
              575.E-03            14.0144E-18         1.74671E-18       24.1291E-03 
              576.E-03            15.974E-18          2.65064E-18       26.0759E-03 
              577.E-03            12.0582E-18         3.10048E-18       28.0029E-03 
              578.E-03            13.9265E-18         2.79197E-18       29.91E-03   
              579.E-03            12.2001E-18         1.53062E-18       31.7968E-03 
              580.E-03            15.2431E-18        -1.40294E-18       33.6634E-03 
              581.E-03            11.34E-18          -3.17023E-18       35.5095E-03 
              582.E-03            10.8892E-18        -3.23226E-18       37.3349E-03 
              583.E-03             6.45913E-18     -808.051E-21         39.1394E-03 
              584.E-03             8.90627E-18       -2.48299E-18       40.9227E-03 
              585.E-03             7.74777E-18        1.28731E-18       42.6846E-03 
              586.E-03             7.53824E-18        1.51654E-18       44.4248E-03 
              587.E-03             7.17562E-18        1.47274E-18       46.1431E-03 
              588.E-03            10.8908E-18         3.1943E-18        47.8391E-03 
              589.E-03             9.08494E-18       -1.97553E-18       49.5125E-03 
              590.E-03             7.06066E-18        1.81066E-18       51.1629E-03 
              591.E-03            10.1906E-18         6.3344E-18        52.7901E-03 
              592.E-03             3.38288E-18      456.302E-21         54.3936E-03 
              593.E-03            10.7647E-18         2.47881E-18       55.9731E-03 
              594.E-03            11.61E-18           3.80065E-18       57.528E-03  
              595.E-03            12.5238E-18         5.68729E-18       59.0581E-03 
              596.E-03            10.0682E-18         4.59156E-18       60.5627E-03 
              597.E-03            10.0851E-18        11.394E-18         62.0416E-03 
              598.E-03             9.75159E-18       11.0273E-18        63.4941E-03 
              599.E-03            11.9998E-18         8.9495E-18        64.9198E-03 
              600.E-03            11.9237E-18        12.2586E-18        66.3181E-03 
              601.E-03             5.98667E-18       14.3449E-18        67.6885E-03 
              602.E-03             8.18588E-18       22.0174E-18        69.0305E-03 
              603.E-03             9.86901E-18       23.5572E-18        70.3435E-03 
              604.E-03             8.28396E-18       18.7675E-18        71.6268E-03 
              605.E-03             8.14921E-18       26.9795E-18        72.88E-03   
              606.E-03             7.01826E-18       30.6362E-18        74.1023E-03 
              607.E-03            11.7374E-18        25.4558E-18        75.2931E-03 
              608.E-03             7.79147E-18       28.4049E-18        76.4519E-03 
              609.E-03             6.32349E-18       32.7807E-18        77.5779E-03 
              610.E-03             6.96013E-18       35.7527E-18        78.6705E-03 
              611.E-03             3.66326E-18       40.3595E-18        79.729E-03  
              612.E-03             4.5425E-18        43.444E-18         80.7528E-03 
              613.E-03             1.09376E-18       45.0948E-18        81.7412E-03 
              614.E-03             4.50959E-18       48.4872E-18        82.6935E-03 
              615.E-03           123.815E-21         52.4058E-18        83.6089E-03 
              616.E-03             2.08679E-18       54.8453E-18        84.4868E-03 
              617.E-03           254.64E-21          61.4999E-18        85.3266E-03 
              618.E-03            -2.71452E-18       64.3514E-18        86.1274E-03 
              619.E-03             1.35471E-18       66.6189E-18        86.8887E-03 
              620.E-03             1.0871E-18        70.2802E-18        87.6097E-03 
              621.E-03            -1.18035E-18       71.5504E-18        88.2896E-03 
              622.E-03           214.145E-21         79.1261E-18        88.928E-03  
              623.E-03            -3.68096E-18       81.0941E-18        89.524E-03  
              624.E-03            -4.6449E-18        86.955E-18         90.077E-03  
              625.E-03            -3.05237E-18       90.5321E-18        90.5863E-03 
              626.E-03           -11.8257E-21        94.5731E-18        91.0514E-03 
              627.E-03            -2.01208E-18      101.15E-18          91.4715E-03 
              628.E-03            -7.23352E-18      100.495E-18         91.846E-03  
              629.E-03            -4.66638E-18      111.702E-18         92.1743E-03 
              630.E-03            -5.3604E-18       112.91E-18          92.4559E-03 
              631.E-03            -5.17607E-18      120.047E-18         92.6902E-03 
              632.E-03            -4.52506E-18      126.422E-18         92.8766E-03 
              633.E-03            -6.42949E-18      130.337E-18         93.0145E-03 
              634.E-03            -8.1813E-18       137.512E-18         93.1036E-03 
              635.E-03            -2.71638E-18      142.536E-18         93.1433E-03 
              636.E-03            -2.60848E-18      149.427E-18         93.1331E-03 
              637.E-03            -7.31857E-18      154.698E-18         93.0727E-03 
              638.E-03            -6.19472E-18      156.734E-18         92.9616E-03 
              639.E-03            -3.52567E-18      165.519E-18         92.7994E-03 
              640.E-03            -6.62435E-18      173.297E-18         92.5859E-03 
              641.E-03            -3.12907E-18      176.581E-18         92.3207E-03 
              642.E-03            -3.74514E-18      181.639E-18         92.0035E-03 
              643.E-03            -3.73071E-18      185.203E-18         91.6342E-03 
              644.E-03            -4.14904E-18      191.455E-18         91.2125E-03 
              645.E-03            -5.69353E-18      198.994E-18         90.7382E-03 
              646.E-03            -3.55748E-18      203.842E-18         90.2113E-03 
              647.E-03            -2.10144E-18      209.892E-18         89.6316E-03 
              648.E-03            -2.72977E-18      216.17E-18          88.9991E-03 
              649.E-03            -3.61624E-18      221.382E-18         88.3139E-03 
              650.E-03            -4.75156E-18      230.673E-18         87.5759E-03 
              651.E-03            -6.5574E-18       235.272E-18         86.7852E-03 
              652.E-03           -11.3658E-18       239.682E-18         85.942E-03  
              653.E-03            -7.31749E-18      246.967E-18         85.0465E-03 
              654.E-03            -7.02001E-18      250.896E-18         84.0988E-03 
              655.E-03            -6.29682E-18      259.518E-18         83.0992E-03 
              656.E-03            -2.33168E-18      265.235E-18         82.0481E-03 
              657.E-03            -8.47162E-18      268.701E-18         80.9458E-03 
              658.E-03            -8.97067E-18      273.061E-18         79.7928E-03 
              659.E-03            -7.70158E-18      277.754E-18         78.5893E-03 
              660.E-03           -13.3224E-18       284.937E-18         77.3361E-03 
              661.E-03            -7.77049E-18      295.402E-18         76.0336E-03 
              662.E-03            -9.59831E-18      296.83E-18          74.6825E-03 
              663.E-03           -13.5524E-18       304.78E-18          73.2833E-03 
              664.E-03           -12.9643E-18       303.753E-18         71.8368E-03 
              665.E-03            -7.95358E-18      309.187E-18         70.3437E-03 
              666.E-03            -9.26661E-18      314.789E-18         68.8049E-03 
              667.E-03           -17.2698E-18       320.163E-18         67.2212E-03 
              668.E-03           -16.2272E-18       323.041E-18         65.5934E-03 
              669.E-03           -15.2572E-18       331.546E-18         63.9225E-03 
              670.E-03           -19.7539E-18       336.356E-18         62.2096E-03 
              671.E-03           -21.5359E-18       340.673E-18         60.4555E-03 
              672.E-03           -17.3397E-18       346.267E-18         58.6615E-03 
              673.E-03           -19.9143E-18       347.033E-18         56.8287E-03 
              674.E-03           -25.1006E-18       352.67E-18          54.9582E-03 
              675.E-03           -26.2758E-18       361.679E-18         53.0512E-03 
              676.E-03           -24.3745E-18       365.274E-18         51.1091E-03 
              677.E-03           -32.242E-18        359.592E-18         49.133E-03  
              678.E-03           -35.8286E-18       367.823E-18         47.1244E-03 
              679.E-03           -34.6951E-18       371.953E-18         45.0847E-03 
              680.E-03           -40.1384E-18       365.779E-18         43.0152E-03 
              681.E-03           -40.2384E-18       369.037E-18         40.9174E-03 
              682.E-03           -41.1393E-18       374.655E-18         38.7929E-03 
              683.E-03           -46.8714E-18       374.605E-18         36.6432E-03 
              684.E-03           -44.9865E-18       374.619E-18         34.4698E-03 
              685.E-03           -51.0921E-18       380.064E-18         32.2744E-03 
              686.E-03           -53.3304E-18       379.268E-18         30.0586E-03 
              687.E-03           -55.1543E-18       379.985E-18         27.824E-03  
              688.E-03           -57.2293E-18       377.543E-18         25.5724E-03 
              689.E-03           -61.966E-18        372.358E-18         23.3055E-03 
              690.E-03           -63.5858E-18       369.346E-18         21.025E-03  
              691.E-03           -66.8945E-18       374.522E-18         18.7327E-03 
              692.E-03           -70.192E-18        365.778E-18         16.4305E-03 
              693.E-03           -71.2158E-18       366.557E-18         14.12E-03   
              694.E-03           -77.6593E-18       370.389E-18         11.8032E-03 
              695.E-03           -78.6951E-18       363.101E-18          9.48193E-03
              696.E-03           -84.6526E-18       361.737E-18          7.15802E-03
              697.E-03           -83.8988E-18       356.959E-18          4.83337E-03
              698.E-03           -92.1878E-18       354.114E-18          2.50987E-03
              699.E-03           -93.1346E-18       350.114E-18        189.422E-06  
              700.E-03           -91.0506E-18       348.799E-18         -2.12607E-03
              701.E-03           -97.3277E-18       338.057E-18         -4.43469E-03
              702.E-03          -100.356E-18        332.314E-18         -6.73453E-03
              703.E-03          -103.793E-18        330.689E-18         -9.02366E-03
              704.E-03          -108.72E-18         320.22E-18         -11.3002E-03 
              705.E-03          -109.624E-18        311.465E-18        -13.5621E-03 
              706.E-03          -115.261E-18        308.996E-18        -15.8077E-03 
              707.E-03          -119.767E-18        296.934E-18        -18.0348E-03 
              708.E-03          -121.765E-18        291.573E-18        -20.2418E-03 
              709.E-03          -126.962E-18        280.978E-18        -22.4266E-03 
              710.E-03          -130.717E-18        273.46E-18         -24.5874E-03 
              711.E-03          -136.039E-18        263.908E-18        -26.7224E-03 
              712.E-03          -136.242E-18        252.127E-18        -28.8297E-03 
              713.E-03          -142.503E-18        237.88E-18         -30.9075E-03 
              714.E-03          -146.734E-18        226.071E-18        -32.954E-03  
              715.E-03          -148.371E-18        215.264E-18        -34.9675E-03 
              716.E-03          -153.035E-18        202.06E-18         -36.9461E-03 
              717.E-03          -157.208E-18        192.377E-18        -38.8882E-03 
              718.E-03          -160.12E-18         176.28E-18         -40.7921E-03 
              719.E-03          -162.437E-18        159.056E-18        -42.6561E-03 
              720.E-03          -167.792E-18        148.193E-18        -44.4785E-03 
              721.E-03          -175.523E-18        128.309E-18        -46.2579E-03 
              722.E-03          -176.547E-18        117.533E-18        -47.9926E-03 
              723.E-03          -180.862E-18         98.2494E-18       -49.6811E-03 
              724.E-03          -186.693E-18         84.1413E-18       -51.3219E-03 
              725.E-03          -189.117E-18         63.7698E-18       -52.9137E-03 
              726.E-03          -191.479E-18         47.0707E-18       -54.4549E-03 
              727.E-03          -196.572E-18         27.2996E-18       -55.9443E-03 
              728.E-03          -202.183E-18          6.15482E-18      -57.3806E-03 
              729.E-03          -205.059E-18        -12.0187E-18       -58.7625E-03 
              730.E-03          -207.657E-18        -29.9123E-18       -60.0887E-03 
              731.E-03          -213.974E-18        -48.7256E-18       -61.3582E-03 
              732.E-03          -216.774E-18        -71.7988E-18       -62.5698E-03 
              733.E-03          -220.385E-18        -92.9076E-18       -63.7225E-03 
              734.E-03          -223.321E-18       -117.483E-18        -64.8153E-03 
              735.E-03          -230.509E-18       -141.068E-18        -65.8472E-03 
              736.E-03          -234.716E-18       -164.013E-18        -66.8174E-03 
              737.E-03          -235.381E-18       -191.228E-18        -67.725E-03  
              738.E-03          -239.774E-18       -216.188E-18        -68.5693E-03 
              739.E-03          -242.052E-18       -239.461E-18        -69.3495E-03 
              740.E-03          -247.469E-18       -271.757E-18        -70.065E-03  
              741.E-03          -250.753E-18       -297.985E-18        -70.7153E-03 
              742.E-03          -255.771E-18       -322.828E-18        -71.2997E-03 
              743.E-03          -262.083E-18       -356.533E-18        -71.8179E-03 
              744.E-03          -264.206E-18       -382.608E-18        -72.2693E-03 
              745.E-03          -266.092E-18       -414.907E-18        -72.6538E-03 
              746.E-03          -272.687E-18       -443.929E-18        -72.971E-03  
              747.E-03          -280.074E-18       -482.927E-18        -73.2207E-03 
              748.E-03          -281.293E-18       -510.123E-18        -73.4027E-03 
              749.E-03          -288.433E-18       -546.941E-18        -73.517E-03  
              750.E-03          -290.799E-18       -577.714E-18        -73.5636E-03 
              751.E-03          -295.304E-18       -607.965E-18        -73.5424E-03 
              752.E-03          -293.436E-18       -645.954E-18        -73.4537E-03 
              753.E-03          -297.715E-18       -681.268E-18        -73.2975E-03 
              754.E-03          -304.23E-18        -721.434E-18        -73.0742E-03 
              755.E-03          -312.605E-18       -756.747E-18        -72.784E-03  
              756.E-03          -315.792E-18       -797.879E-18        -72.4273E-03 
              757.E-03          -319.606E-18       -834.258E-18        -72.0045E-03 
              758.E-03          -322.819E-18       -872.59E-18         -71.5161E-03 
              759.E-03          -326.559E-18       -915.739E-18        -70.9627E-03 
              760.E-03          -327.048E-18       -954.083E-18        -70.3449E-03 
              761.E-03          -334.791E-18       -986.411E-18        -69.6634E-03 
              762.E-03          -342.146E-18         -1.03272E-15      -68.9189E-03 
              763.E-03          -341.553E-18         -1.07574E-15      -68.1122E-03 
              764.E-03          -341.958E-18         -1.11873E-15      -67.2441E-03 
              765.E-03          -347.06E-18          -1.15898E-15      -66.3157E-03 
              766.E-03          -354.676E-18         -1.20517E-15      -65.3277E-03 
              767.E-03          -362.033E-18         -1.24378E-15      -64.2814E-03 
              768.E-03          -359.645E-18         -1.28863E-15      -63.1777E-03 
              769.E-03          -366.133E-18         -1.33561E-15      -62.0178E-03 
              770.E-03          -371.793E-18         -1.37996E-15      -60.8029E-03 
              771.E-03          -367.223E-18         -1.4264E-15       -59.5342E-03 
              772.E-03          -370.069E-18         -1.4748E-15       -58.2131E-03 
              773.E-03          -379.581E-18         -1.51886E-15      -56.8407E-03 
              774.E-03          -382.595E-18         -1.57004E-15      -55.4186E-03 
              775.E-03          -384.593E-18         -1.61439E-15      -53.9482E-03 
              776.E-03          -387.496E-18         -1.65987E-15      -52.4309E-03 
              777.E-03          -391.498E-18         -1.70721E-15      -50.8682E-03 
              778.E-03          -395.508E-18         -1.75484E-15      -49.2617E-03 
              779.E-03          -401.394E-18         -1.80121E-15      -47.613E-03  
              780.E-03          -401.142E-18         -1.8533E-15       -45.9238E-03 
              781.E-03          -405.967E-18         -1.89883E-15      -44.1956E-03 
              782.E-03          -408.435E-18         -1.94421E-15      -42.4302E-03 
              783.E-03          -411.895E-18         -2.00076E-15      -40.6294E-03 
              784.E-03          -416.325E-18         -2.04827E-15      -38.7949E-03 
              785.E-03          -424.554E-18         -2.09386E-15      -36.9284E-03 
              786.E-03          -422.32E-18          -2.1447E-15       -35.0319E-03 
              787.E-03          -427.77E-18          -2.19136E-15      -33.1071E-03 
              788.E-03          -430.632E-18         -2.2386E-15       -31.1559E-03 
              789.E-03          -430.05E-18          -2.28809E-15      -29.1803E-03 
              790.E-03          -438.656E-18         -2.33665E-15      -27.1821E-03 
              791.E-03          -437.078E-18         -2.38788E-15      -25.1632E-03 
              792.E-03          -441.996E-18         -2.43589E-15      -23.1256E-03 
              793.E-03          -444.398E-18         -2.47841E-15      -21.0713E-03 
              794.E-03          -440.625E-18         -2.52725E-15      -19.0021E-03 
              795.E-03          -444.663E-18         -2.57464E-15      -16.9202E-03 
              796.E-03          -445.939E-18         -2.61861E-15      -14.8274E-03 
              797.E-03          -444.919E-18         -2.66084E-15      -12.7258E-03 
              798.E-03          -443.98E-18          -2.70535E-15      -10.6173E-03 
              799.E-03          -445.693E-18         -2.75175E-15       -8.50404E-03
              800.E-03          -445.175E-18         -2.79744E-15       -6.38787E-03
              801.E-03          -449.197E-18         -2.83876E-15       -4.27084E-03
              802.E-03          -451.361E-18         -2.88272E-15       -2.15493E-03
              803.E-03          -448.137E-18         -2.92577E-15      -42.1228E-06 
              804.E-03          -449.876E-18         -2.96233E-15        2.06561E-03
              805.E-03          -448.892E-18         -3.0033E-15         4.1663E-03 
              806.E-03          -451.493E-18         -3.03842E-15        6.258E-03  
              807.E-03          -448.492E-18         -3.07548E-15        8.33876E-03
              808.E-03          -450.559E-18         -3.11615E-15       10.4067E-03 
              809.E-03          -451.145E-18         -3.14834E-15       12.4598E-03 
              810.E-03          -448.832E-18         -3.18422E-15       14.4963E-03 
              811.E-03          -447.137E-18         -3.21578E-15       16.5143E-03 
              812.E-03          -450.347E-18         -3.24767E-15       18.5119E-03 
              813.E-03          -446.754E-18         -3.27928E-15       20.4874E-03 
              814.E-03          -444.444E-18         -3.30298E-15       22.4389E-03 
              815.E-03          -440.408E-18         -3.33242E-15       24.3646E-03 
              816.E-03          -441.425E-18         -3.35719E-15       26.2629E-03 
              817.E-03          -438.954E-18         -3.38108E-15       28.132E-03  
              818.E-03          -436.175E-18         -3.40262E-15       29.9702E-03 
              819.E-03          -431.99E-18          -3.42166E-15       31.7759E-03 
              820.E-03          -428.481E-18         -3.44064E-15       33.5475E-03 
              821.E-03          -421.887E-18         -3.45875E-15       35.2834E-03 
              822.E-03          -418.919E-18         -3.4713E-15        36.9822E-03 
              823.E-03          -415.619E-18         -3.48201E-15       38.6422E-03 
              824.E-03          -410.198E-18         -3.49331E-15       40.262E-03  
              825.E-03          -408.046E-18         -3.50182E-15       41.8403E-03 
              826.E-03          -398.52E-18          -3.50745E-15       43.3756E-03 
              827.E-03          -395.531E-18         -3.51058E-15       44.8667E-03 
              828.E-03          -386.115E-18         -3.51484E-15       46.3122E-03 
              829.E-03          -379.853E-18         -3.51352E-15       47.7109E-03 
              830.E-03          -373.105E-18         -3.51179E-15       49.0616E-03 
              831.E-03          -366.316E-18         -3.50566E-15       50.3632E-03 
              832.E-03          -358.383E-18         -3.49631E-15       51.6146E-03 
              833.E-03          -349.778E-18         -3.48571E-15       52.8147E-03 
              834.E-03          -341.399E-18         -3.46979E-15       53.9626E-03 
              835.E-03          -331.06E-18          -3.45387E-15       55.0572E-03 
              836.E-03          -320.661E-18         -3.43386E-15       56.0978E-03 
              837.E-03          -311.349E-18         -3.41067E-15       57.0834E-03 
              838.E-03          -300.781E-18         -3.38639E-15       58.0133E-03 
              839.E-03          -286.675E-18         -3.35578E-15       58.8867E-03 
              840.E-03          -274.107E-18         -3.32483E-15       59.7029E-03 
              841.E-03          -263.912E-18         -3.28649E-15       60.4614E-03 
              842.E-03          -247.23E-18          -3.25014E-15       61.1616E-03 
              843.E-03          -238.155E-18         -3.20567E-15       61.8028E-03 
              844.E-03          -221.457E-18         -3.16425E-15       62.3847E-03 
              845.E-03          -206.421E-18         -3.11673E-15       62.9069E-03 
              846.E-03          -192.326E-18         -3.06242E-15       63.3689E-03 
              847.E-03          -177.989E-18         -3.00633E-15       63.7705E-03 
              848.E-03          -161.06E-18          -2.94623E-15       64.1115E-03 
              849.E-03          -143.543E-18         -2.88409E-15       64.3916E-03 
              850.E-03          -126.034E-18         -2.81626E-15       64.6107E-03 
              851.E-03          -104.906E-18         -2.74904E-15       64.7687E-03 
              852.E-03           -83.1035E-18        -2.67126E-15       64.8656E-03 
              853.E-03           -66.4098E-18        -2.5957E-15        64.9014E-03 
              854.E-03           -49.2151E-18        -2.51202E-15       64.8762E-03 
              855.E-03           -27.7879E-18        -2.42499E-15       64.7902E-03 
              856.E-03            -3.54744E-18       -2.3325E-15        64.6434E-03 
              857.E-03            21.2372E-18        -2.24354E-15       64.4362E-03 
              858.E-03            44.5756E-18        -2.14364E-15       64.1688E-03 
              859.E-03            62.8095E-18        -2.04538E-15       63.8417E-03 
              860.E-03            93.4448E-18        -1.94295E-15       63.455E-03  
              861.E-03           116.602E-18         -1.82674E-15       63.0094E-03 
              862.E-03           145.886E-18         -1.72451E-15       62.5054E-03 
              863.E-03           168.299E-18         -1.60361E-15       61.9433E-03 
              864.E-03           199.049E-18         -1.48068E-15       61.324E-03  
              865.E-03           231.202E-18         -1.35207E-15       60.6479E-03 
              866.E-03           263.103E-18         -1.23001E-15       59.9158E-03 
              867.E-03           287.876E-18         -1.09622E-15       59.1284E-03 
              868.E-03           315.81E-18        -960.218E-18         58.2865E-03 
              869.E-03           354.865E-18       -816.888E-18         57.3909E-03 
              870.E-03           382.893E-18       -672.271E-18         56.4425E-03 
              871.E-03           419.106E-18       -522.398E-18         55.4421E-03 
              872.E-03           447.649E-18       -370.452E-18         54.3909E-03 
              873.E-03           487.076E-18       -212.97E-18          53.2896E-03 
              874.E-03           526.635E-18        -48.1747E-18        52.1394E-03 
              875.E-03           563.418E-18        120.637E-18         50.9414E-03 
              876.E-03           596.075E-18        285.292E-18         49.6966E-03 
              877.E-03           638.465E-18        461.499E-18         48.4062E-03 
              878.E-03           672.881E-18        631.943E-18         47.0714E-03 
              879.E-03           714.703E-18        822.554E-18         45.6934E-03 
              880.E-03           758.712E-18        997.441E-18         44.2734E-03 
              881.E-03           799.137E-18          1.18164E-15       42.8128E-03 
              882.E-03           836.109E-18          1.37732E-15       41.3127E-03 
              883.E-03           876.793E-18          1.57085E-15       39.7747E-03 
              884.E-03           921.702E-18          1.76714E-15       38.2E-03    
              885.E-03           973.208E-18          1.9721E-15        36.59E-03   
              886.E-03             1.01645E-15        2.17721E-15       34.9461E-03 
              887.E-03             1.05738E-15        2.38398E-15       33.2699E-03 
              888.E-03             1.10387E-15        2.59123E-15       31.5627E-03 
              889.E-03             1.15309E-15        2.80807E-15       29.8261E-03 
              890.E-03             1.19373E-15        3.02432E-15       28.0616E-03 
              891.E-03             1.24686E-15        3.2447E-15        26.2707E-03 
              892.E-03             1.29159E-15        3.4671E-15        24.4549E-03 
              893.E-03             1.34863E-15        3.69338E-15       22.6158E-03 
              894.E-03             1.39289E-15        3.91643E-15       20.7551E-03 
              895.E-03             1.44214E-15        4.15031E-15       18.8742E-03 
              896.E-03             1.49828E-15        4.37986E-15       16.9748E-03 
              897.E-03             1.54874E-15        4.61295E-15       15.0585E-03 
              898.E-03             1.59471E-15        4.84494E-15       13.127E-03  
              899.E-03             1.64982E-15        5.08236E-15       11.1818E-03 
              900.E-03             1.70106E-15        5.32538E-15        9.22467E-03
              901.E-03             1.74823E-15        5.56653E-15        7.25719E-03
              902.E-03             1.80516E-15        5.81022E-15        5.28104E-03
              903.E-03             1.85862E-15        6.04807E-15        3.29786E-03
              904.E-03             1.90858E-15        6.29345E-15        1.30932E-03
              905.E-03             1.9641E-15         6.5364E-15      -682.928E-06  
              906.E-03             2.01871E-15        6.77948E-15       -2.67722E-03
              907.E-03             2.07401E-15        7.0275E-15        -4.67189E-03
              908.E-03             2.12428E-15        7.27411E-15       -6.6653E-03 
              909.E-03             2.17948E-15        7.51875E-15       -8.65579E-03
              910.E-03             2.23248E-15        7.7659E-15       -10.6417E-03 
              911.E-03             2.28589E-15        8.01139E-15      -12.6215E-03 
              912.E-03             2.33718E-15        8.25188E-15      -14.5934E-03 
              913.E-03             2.3943E-15         8.49875E-15      -16.5558E-03 
              914.E-03             2.44486E-15        8.74036E-15      -18.5073E-03 
              915.E-03             2.49853E-15        8.98169E-15      -20.446E-03  
              916.E-03             2.55108E-15        9.22241E-15      -22.3706E-03 
              917.E-03             2.60312E-15        9.45816E-15      -24.2793E-03 
              918.E-03             2.65283E-15        9.6939E-15       -26.1707E-03 
              919.E-03             2.70491E-15        9.92825E-15      -28.0432E-03 
              920.E-03             2.75138E-15       10.1592E-15       -29.8953E-03 
              921.E-03             2.80469E-15       10.3916E-15       -31.7255E-03 
              922.E-03             2.85475E-15       10.6166E-15       -33.5323E-03 
              923.E-03             2.9038E-15        10.84E-15         -35.3143E-03 
              924.E-03             2.9543E-15        11.0615E-15       -37.0699E-03 
              925.E-03             2.99907E-15       11.28E-15         -38.7979E-03 
              926.E-03             3.04609E-15       11.4917E-15       -40.4968E-03 
              927.E-03             3.091E-15         11.7001E-15       -42.1652E-03 
              928.E-03             3.1356E-15        11.9038E-15       -43.8019E-03 
              929.E-03             3.17976E-15       12.1047E-15       -45.4054E-03 
              930.E-03             3.22164E-15       12.3001E-15       -46.9745E-03 
              931.E-03             3.26445E-15       12.4906E-15       -48.508E-03  
              932.E-03             3.30386E-15       12.675E-15        -50.0046E-03 
              933.E-03             3.34246E-15       12.8544E-15       -51.4631E-03 
              934.E-03             3.3797E-15        13.0276E-15       -52.8824E-03 
              935.E-03             3.41538E-15       13.1959E-15       -54.2614E-03 
              936.E-03             3.44967E-15       13.3562E-15       -55.5988E-03 
              937.E-03             3.48446E-15       13.5106E-15       -56.8938E-03 
              938.E-03             3.51431E-15       13.658E-15        -58.1451E-03 
              939.E-03             3.54456E-15       13.799E-15        -59.3519E-03 
              940.E-03             3.57368E-15       13.9306E-15       -60.5132E-03 
              941.E-03             3.59959E-15       14.0588E-15       -61.628E-03  
              942.E-03             3.62495E-15       14.1746E-15       -62.6954E-03 
              943.E-03             3.6453E-15        14.2822E-15       -63.7147E-03 
              944.E-03             3.66735E-15       14.3834E-15       -64.685E-03  
              945.E-03             3.68566E-15       14.4762E-15       -65.6055E-03 
              946.E-03             3.70288E-15       14.5597E-15       -66.4755E-03 
              947.E-03             3.71735E-15       14.6323E-15       -67.2943E-03 
              948.E-03             3.7291E-15        14.6992E-15       -68.0612E-03 
              949.E-03             3.74175E-15       14.7575E-15       -68.7757E-03 
              950.E-03             3.74864E-15       14.8016E-15       -69.437E-03  
              951.E-03             3.75164E-15       14.8409E-15       -70.0449E-03 
              952.E-03             3.75598E-15       14.8659E-15       -70.5986E-03 
              953.E-03             3.75556E-15       14.884E-15        -71.0979E-03 
              954.E-03             3.75453E-15       14.8873E-15       -71.5422E-03 
              955.E-03             3.74765E-15       14.8795E-15       -71.9312E-03 
              956.E-03             3.74099E-15       14.8608E-15       -72.2646E-03 
              957.E-03             3.73134E-15       14.836E-15        -72.5421E-03 
              958.E-03             3.716E-15         14.7976E-15       -72.7636E-03 
              959.E-03             3.70484E-15       14.7453E-15       -72.9287E-03 
              960.E-03             3.68487E-15       14.6816E-15       -73.0373E-03 
              961.E-03             3.66392E-15       14.61E-15         -73.0894E-03 
              962.E-03             3.63644E-15       14.5248E-15       -73.0849E-03 
              963.E-03             3.61072E-15       14.4226E-15       -73.0238E-03 
              964.E-03             3.58446E-15       14.3171E-15       -72.906E-03  
              965.E-03             3.54501E-15       14.1933E-15       -72.7318E-03 
              966.E-03             3.50635E-15       14.0608E-15       -72.5011E-03 
              967.E-03             3.46248E-15       13.9054E-15       -72.2141E-03 
              968.E-03             3.42286E-15       13.7478E-15       -71.8711E-03 
              969.E-03             3.37794E-15       13.5802E-15       -71.4723E-03 
              970.E-03             3.32283E-15       13.3871E-15       -71.018E-03  
              971.E-03             3.27245E-15       13.1923E-15       -70.5085E-03 
              972.E-03             3.21541E-15       12.9797E-15       -69.9442E-03 
              973.E-03             3.15383E-15       12.7535E-15       -69.3254E-03 
              974.E-03             3.09417E-15       12.5131E-15       -68.6528E-03 
              975.E-03             3.02561E-15       12.2605E-15       -67.9267E-03 
              976.E-03             2.95439E-15       12.0033E-15       -67.1477E-03 
              977.E-03             2.88176E-15       11.7245E-15       -66.3164E-03 
              978.E-03             2.80385E-15       11.4325E-15       -65.4335E-03 
              979.E-03             2.72299E-15       11.135E-15        -64.4995E-03 
              980.E-03             2.63728E-15       10.8137E-15       -63.5152E-03 
              981.E-03             2.55737E-15       10.4882E-15       -62.4814E-03 
              982.E-03             2.46096E-15       10.1417E-15       -61.3987E-03 
              983.E-03             2.3625E-15         9.78696E-15      -60.2681E-03 
              984.E-03             2.26575E-15        9.41717E-15      -59.0904E-03 
              985.E-03             2.16311E-15        9.04057E-15      -57.8665E-03 
              986.E-03             2.05795E-15        8.64314E-15      -56.5973E-03 
              987.E-03             1.95581E-15        8.24006E-15      -55.2838E-03 
              988.E-03             1.8357E-15         7.81792E-15      -53.927E-03  
              989.E-03             1.71304E-15        7.38871E-15      -52.528E-03  
              990.E-03             1.60067E-15        6.94428E-15      -51.0877E-03 
              991.E-03             1.48075E-15        6.48876E-15      -49.6074E-03 
              992.E-03             1.34882E-15        6.02591E-15      -48.0881E-03 
              993.E-03             1.22031E-15        5.54723E-15      -46.531E-03  
              994.E-03             1.08997E-15        5.05601E-15      -44.9373E-03 
              995.E-03           952.063E-18          4.56143E-15      -43.3083E-03 
              996.E-03           813.05E-18           4.05058E-15      -41.6451E-03 
              997.E-03           664.914E-18          3.52665E-15      -39.9492E-03 
              998.E-03           526.972E-18          2.99253E-15      -38.2217E-03 
              999.E-03           378.887E-18          2.45312E-15      -36.464E-03  
                1.               227.289E-18          1.90529E-15      -34.6776E-03 
                1.001             67.6555E-18         1.3398E-15       -32.8637E-03 