9.31705e+09 0 0 -93.3889 0 0 -93.3889 -93.3889 0 2.51863e+09 0 0 -93.3889 0 0 -26.1944 -26.1944 0 6.79888e+08 0 0 -26.1944 0 0 -26.1944 -7.34722 0 2.51863e+09 0 0 -26.1944 0 0 -93.3889 -26.1944 0 2.51863e+09 0 0 -26.1944 0 0 -26.1944 -93.3889 0 6.79888e+08 0 0 -26.1944 0 0 -7.34722 -26.1944 0 1.83251e+08 0 0 -7.34722 0 0 -7.34722 -7.34722 0 6.79888e+08 0 0 -7.34722 0 0 -26.1944 -26.1944 0 
0 9.31705e+09 0 0 -93.3889 0 -93.3889 0 -93.3889 0 2.51863e+09 0 0 -26.1944 0 -93.3889 0 -26.1944 0 6.79888e+08 0 0 -26.1944 0 -26.1944 0 -7.34722 0 2.51863e+09 0 0 -93.3889 0 -26.1944 0 -26.1944 0 2.51863e+09 0 0 -26.1944 0 -26.1944 0 -93.3889 0 6.79888e+08 0 0 -7.34722 0 -26.1944 0 -26.1944 0 1.83251e+08 0 0 -7.34722 0 -7.34722 0 -7.34722 0 6.79888e+08 0 0 -26.1944 0 -7.34722 0 -26.1944 
0 0 9.31705e+09 0 0 -93.3889 0 -93.3889 -93.3889 0 0 2.51863e+09 0 0 -26.1944 0 -93.3889 -26.1944 0 0 6.79888e+08 0 0 -7.34722 0 -26.1944 -26.1944 0 0 2.51863e+09 0 0 -26.1944 0 -26.1944 -93.3889 0 0 2.51863e+09 0 0 -93.3889 0 -26.1944 -26.1944 0 0 6.79888e+08 0 0 -26.1944 0 -26.1944 -7.34722 0 0 1.83251e+08 0 0 -7.34722 0 -7.34722 -7.34722 0 0 6.79888e+08 0 0 -26.1944 0 -7.34722 -26.1944 
-93.3889 0 0 -0.000232926 5.82316e-05 5.82316e-05 -0 -0 -0 93.3889 0 0 -6.29658e-05 1.57415e-05 1.57415e-05 -0 -0 -0 26.1944 0 0 -1.69972e-05 4.2493e-06 4.2493e-06 -0 -0 -0 -26.1944 0 0 -6.29658e-05 1.57415e-05 1.57415e-05 -0 -0 -0 -26.1944 0 0 -6.29658e-05 1.57415e-05 1.57415e-05 -0 -0 -0 26.1944 0 0 -1.69972e-05 4.2493e-06 4.2493e-06 -0 -0 -0 7.34722 0 0 -4.58127e-06 1.14532e-06 1.14532e-06 -0 -0 -0 -7.34722 0 0 -1.69972e-05 4.2493e-06 4.2493e-06 -0 -0 -0 
0 -93.3889 0 5.82316e-05 -0.000232926 5.82316e-05 -0 -0 -0 0 -26.1944 0 1.57415e-05 -6.29658e-05 1.57415e-05 -0 -0 -0 0 26.1944 0 4.2493e-06 -1.69972e-05 4.2493e-06 -0 -0 -0 0 93.3889 0 1.57415e-05 -6.29658e-05 1.57415e-05 -0 -0 -0 0 -26.1944 0 1.57415e-05 -6.29658e-05 1.57415e-05 -0 -0 -0 0 -7.34722 0 4.2493e-06 -1.69972e-05 4.2493e-06 -0 -0 -0 0 7.34722 0 1.14532e-06 -4.58127e-06 1.14532e-06 -0 -0 -0 0 26.1944 0 4.2493e-06 -1.69972e-05 4.2493e-06 -0 -0 -0 
0 0 -93.3889 5.82316e-05 5.82316e-05 -0.000232926 -0 -0 -0 0 0 -26.1944 1.57415e-05 1.57415e-05 -6.29658e-05 -0 -0 -0 0 0 -7.34722 4.2493e-06 4.2493e-06 -1.69972e-05 -0 -0 -0 0 0 -26.1944 1.57415e-05 1.57415e-05 -6.29658e-05 -0 -0 -0 0 0 93.3889 1.57415e-05 1.57415e-05 -6.29658e-05 -0 -0 -0 0 0 26.1944 4.2493e-06 4.2493e-06 -1.69972e-05 -0 -0 -0 0 0 7.34722 1.14532e-06 1.14532e-06 -4.58127e-06 -0 -0 -0 0 0 26.1944 4.2493e-06 4.2493e-06 -1.69972e-05 -0 -0 -0 
-93.3889 -93.3889 0 -0 -0 -0 -0.000582316 -0 -0 -26.1944 93.3889 0 -0 -0 -0 -0.000157415 -0 -0 26.1944 26.1944 0 -0 -0 -0 -4.2493e-05 -0 -0 93.3889 -26.1944 0 -0 -0 -0 -0.000157415 -0 -0 -26.1944 -26.1944 0 -0 -0 -0 -0.000157415 -0 -0 -7.34722 26.1944 0 -0 -0 -0 -4.2493e-05 -0 -0 7.34722 7.34722 0 -0 -0 -0 -1.14532e-05 -0 -0 26.1944 -7.34722 0 -0 -0 -0 -4.2493e-05 -0 -0 
-93.3889 0 -93.3889 -0 -0 -0 -0 -0.000582316 -0 -26.1944 0 93.3889 -0 -0 -0 -0 -0.000157415 -0 -7.34722 0 26.1944 -0 -0 -0 -0 -4.2493e-05 -0 -26.1944 0 -26.1944 -0 -0 -0 -0 -0.000157415 -0 93.3889 0 -26.1944 -0 -0 -0 -0 -0.000157415 -0 26.1944 0 26.1944 -0 -0 -0 -0 -4.2493e-05 -0 7.34722 0 7.34722 -0 -0 -0 -0 -1.14532e-05 -0 26.1944 0 -7.34722 -0 -0 -0 -0 -4.2493e-05 -0 
0 -93.3889 -93.3889 -0 -0 -0 -0 -0 -0.000582316 0 -26.1944 -26.1944 -0 -0 -0 -0 -0 -0.000157415 0 -7.34722 26.1944 -0 -0 -0 -0 -0 -4.2493e-05 0 -26.1944 93.3889 -0 -0 -0 -0 -0 -0.000157415 0 93.3889 -26.1944 -0 -0 -0 -0 -0 -0.000157415 0 26.1944 -7.34722 -0 -0 -0 -0 -0 -4.2493e-05 0 7.34722 7.34722 -0 -0 -0 -0 -0 -1.14532e-05 0 26.1944 26.1944 -0 -0 -0 -0 -0 -4.2493e-05 
2.51863e+09 0 0 93.3889 0 0 -26.1944 -26.1944 0 2.18408e+09 0 0 93.3889 0 0 -25.0556 -25.0556 0 5.87204e+08 0 0 26.1944 0 0 -25.0556 -7.02778 0 6.79888e+08 0 0 26.1944 0 0 -26.1944 -7.34722 0 6.79888e+08 0 0 26.1944 0 0 -7.34722 -26.1944 0 5.87204e+08 0 0 26.1944 0 0 -7.02778 -25.0556 0 1.57578e+08 0 0 7.34722 0 0 -7.02778 -7.02778 0 1.83251e+08 0 0 7.34722 0 0 -7.34722 -7.34722 0 
0 2.51863e+09 0 0 -26.1944 0 93.3889 0 -26.1944 0 2.18408e+09 0 0 -25.0556 0 93.3889 0 -25.0556 0 5.87204e+08 0 0 -25.0556 0 26.1944 0 -7.02778 0 6.79888e+08 0 0 -26.1944 0 26.1944 0 -7.34722 0 6.79888e+08 0 0 -7.34722 0 26.1944 0 -26.1944 0 5.87204e+08 0 0 -7.02778 0 26.1944 0 -25.0556 0 1.57578e+08 0 0 -7.02778 0 7.34722 0 -7.02778 0 1.83251e+08 0 0 -7.34722 0 7.34722 0 -7.34722 
0 0 2.51863e+09 0 0 -26.1944 0 93.3889 -26.1944 0 0 2.18408e+09 0 0 -25.0556 0 93.3889 -25.0556 0 0 5.87204e+08 0 0 -7.02778 0 26.1944 -25.0556 0 0 6.79888e+08 0 0 -7.34722 0 26.1944 -26.1944 0 0 6.79888e+08 0 0 -26.1944 0 26.1944 -7.34722 0 0 5.87204e+08 0 0 -25.0556 0 26.1944 -7.02778 0 0 1.57578e+08 0 0 -7.02778 0 7.34722 -7.02778 0 0 1.83251e+08 0 0 -7.34722 0 7.34722 -7.34722 
-93.3889 0 0 -6.29658e-05 1.57415e-05 1.57415e-05 -0 -0 -0 93.3889 0 0 -5.46019e-05 1.36505e-05 1.36505e-05 -0 -0 -0 26.1944 0 0 -1.46801e-05 3.67002e-06 3.67002e-06 -0 -0 -0 -26.1944 0 0 -1.69972e-05 4.2493e-06 4.2493e-06 -0 -0 -0 -26.1944 0 0 -1.69972e-05 4.2493e-06 4.2493e-06 -0 -0 -0 26.1944 0 0 -1.46801e-05 3.67002e-06 3.67002e-06 -0 -0 -0 7.34722 0 0 -3.93945e-06 9.84863e-07 9.84863e-07 -0 -0 -0 -7.34722 0 0 -4.58127e-06 1.14532e-06 1.14532e-06 -0 -0 -0 
0 -26.1944 0 1.57415e-05 -6.29658e-05 1.57415e-05 -0 -0 -0 0 -25.0556 0 1.36505e-05 -5.46019e-05 1.36505e-05 -0 -0 -0 0 25.0556 0 3.67002e-06 -1.46801e-05 3.67002e-06 -0 -0 -0 0 26.1944 0 4.2493e-06 -1.69972e-05 4.2493e-06 -0 -0 -0 0 -7.34722 0 4.2493e-06 -1.69972e-05 4.2493e-06 -0 -0 -0 0 -7.02778 0 3.67002e-06 -1.46801e-05 3.67002e-06 -0 -0 -0 0 7.02778 0 9.84863e-07 -3.93945e-06 9.84863e-07 -0 -0 -0 0 7.34722 0 1.14532e-06 -4.58127e-06 1.14532e-06 -0 -0 -0 
0 0 -26.1944 1.57415e-05 1.57415e-05 -6.29658e-05 -0 -0 -0 0 0 -25.0556 1.36505e-05 1.36505e-05 -5.46019e-05 -0 -0 -0 0 0 -7.02778 3.67002e-06 3.67002e-06 -1.46801e-05 -0 -0 -0 0 0 -7.34722 4.2493e-06 4.2493e-06 -1.69972e-05 -0 -0 -0 0 0 26.1944 4.2493e-06 4.2493e-06 -1.69972e-05 -0 -0 -0 0 0 25.0556 3.67002e-06 3.67002e-06 -1.46801e-05 -0 -0 -0 0 0 7.02778 9.84863e-07 9.84863e-07 -3.93945e-06 -0 -0 -0 0 0 7.34722 1.14532e-06 1.14532e-06 -4.58127e-06 -0 -0 -0 
-26.1944 -93.3889 0 -0 -0 -0 -0.000157415 -0 -0 -25.0556 93.3889 0 -0 -0 -0 -0.000136505 -0 -0 25.0556 26.1944 0 -0 -0 -0 -3.67002e-05 -0 -0 26.1944 -26.1944 0 -0 -0 -0 -4.2493e-05 -0 -0 -7.34722 -26.1944 0 -0 -0 -0 -4.2493e-05 -0 -0 -7.02778 26.1944 0 -0 -0 -0 -3.67002e-05 -0 -0 7.02778 7.34722 0 -0 -0 -0 -9.84863e-06 -0 -0 7.34722 -7.34722 0 -0 -0 -0 -1.14532e-05 -0 -0 
-26.1944 0 -93.3889 -0 -0 -0 -0 -0.000157415 -0 -25.0556 0 93.3889 -0 -0 -0 -0 -0.000136505 -0 -7.02778 0 26.1944 -0 -0 -0 -0 -3.67002e-05 -0 -7.34722 0 -26.1944 -0 -0 -0 -0 -4.2493e-05 -0 26.1944 0 -26.1944 -0 -0 -0 -0 -4.2493e-05 -0 25.0556 0 26.1944 -0 -0 -0 -0 -3.67002e-05 -0 7.02778 0 7.34722 -0 -0 -0 -0 -9.84863e-06 -0 7.34722 0 -7.34722 -0 -0 -0 -0 -1.14532e-05 -0 
0 -26.1944 -26.1944 -0 -0 -0 -0 -0 -0.000157415 0 -25.0556 -25.0556 -0 -0 -0 -0 -0 -0.000136505 0 -7.02778 25.0556 -0 -0 -0 -0 -0 -3.67002e-05 0 -7.34722 26.1944 -0 -0 -0 -0 -0 -4.2493e-05 0 26.1944 -7.34722 -0 -0 -0 -0 -0 -4.2493e-05 0 25.0556 -7.02778 -0 -0 -0 -0 -0 -3.67002e-05 0 7.02778 7.02778 -0 -0 -0 -0 -0 -9.84863e-06 0 7.34722 7.34722 -0 -0 -0 -0 -0 -1.14532e-05 
6.79888e+08 0 0 26.1944 0 0 26.1944 -7.34722 0 5.87204e+08 0 0 26.1944 0 0 25.0556 -7.02778 0 5.01294e+08 0 0 25.0556 0 0 25.0556 -6.72222 0 5.87204e+08 0 0 25.0556 0 0 26.1944 -7.02778 0 1.83251e+08 0 0 7.34722 0 0 7.34722 -7.34722 0 1.57578e+08 0 0 7.34722 0 0 7.02778 -7.02778 0 1.33791e+08 0 0 7.02778 0 0 7.02778 -6.72222 0 1.57578e+08 0 0 7.02778 0 0 7.34722 -7.02778 0 
0 6.79888e+08 0 0 26.1944 0 26.1944 0 -7.34722 0 5.87204e+08 0 0 25.0556 0 26.1944 0 -7.02778 0 5.01294e+08 0 0 25.0556 0 25.0556 0 -6.72222 0 5.87204e+08 0 0 26.1944 0 25.0556 0 -7.02778 0 1.83251e+08 0 0 7.34722 0 7.34722 0 -7.34722 0 1.57578e+08 0 0 7.02778 0 7.34722 0 -7.02778 0 1.33791e+08 0 0 7.02778 0 7.02778 0 -6.72222 0 1.57578e+08 0 0 7.34722 0 7.02778 0 -7.02778 
0 0 6.79888e+08 0 0 -7.34722 0 26.1944 26.1944 0 0 5.87204e+08 0 0 -7.02778 0 26.1944 25.0556 0 0 5.01294e+08 0 0 -6.72222 0 25.0556 25.0556 0 0 5.87204e+08 0 0 -7.02778 0 25.0556 26.1944 0 0 1.83251e+08 0 0 -7.34722 0 7.34722 7.34722 0 0 1.57578e+08 0 0 -7.02778 0 7.34722 7.02778 0 0 1.33791e+08 0 0 -6.72222 0 7.02778 7.02778 0 0 1.57578e+08 0 0 -7.02778 0 7.02778 7.34722 
-26.1944 0 0 -1.69972e-05 4.2493e-06 4.2493e-06 -0 -0 -0 26.1944 0 0 -1.46801e-05 3.67002e-06 3.67002e-06 -0 -0 -0 25.0556 0 0 -1.25323e-05 3.13309e-06 3.13309e-06 -0 -0 -0 -25.0556 0 0 -1.46801e-05 3.67002e-06 3.67002e-06 -0 -0 -0 -7.34722 0 0 -4.58127e-06 1.14532e-06 1.14532e-06 -0 -0 -0 7.34722 0 0 -3.93945e-06 9.84863e-07 9.84863e-07 -0 -0 -0 7.02778 0 0 -3.34478e-06 8.36196e-07 8.36196e-07 -0 -0 -0 -7.02778 0 0 -3.93945e-06 9.84863e-07 9.84863e-07 -0 -0 -0 
0 -26.1944 0 4.2493e-06 -1.69972e-05 4.2493e-06 -0 -0 -0 0 -25.0556 0 3.67002e-06 -1.46801e-05 3.67002e-06 -0 -0 -0 0 25.0556 0 3.13309e-06 -1.25323e-05 3.13309e-06 -0 -0 -0 0 26.1944 0 3.67002e-06 -1.46801e-05 3.67002e-06 -0 -0 -0 0 -7.34722 0 1.14532e-06 -4.58127e-06 1.14532e-06 -0 -0 -0 0 -7.02778 0 9.84863e-07 -3.93945e-06 9.84863e-07 -0 -0 -0 0 7.02778 0 8.36196e-07 -3.34478e-06 8.36196e-07 -0 -0 -0 0 7.34722 0 9.84863e-07 -3.93945e-06 9.84863e-07 -0 -0 -0 
0 0 -7.34722 4.2493e-06 4.2493e-06 -1.69972e-05 -0 -0 -0 0 0 -7.02778 3.67002e-06 3.67002e-06 -1.46801e-05 -0 -0 -0 0 0 -6.72222 3.13309e-06 3.13309e-06 -1.25323e-05 -0 -0 -0 0 0 -7.02778 3.67002e-06 3.67002e-06 -1.46801e-05 -0 -0 -0 0 0 7.34722 1.14532e-06 1.14532e-06 -4.58127e-06 -0 -0 -0 0 0 7.02778 9.84863e-07 9.84863e-07 -3.93945e-06 -0 -0 -0 0 0 6.72222 8.36196e-07 8.36196e-07 -3.34478e-06 -0 -0 -0 0 0 7.02778 9.84863e-07 9.84863e-07 -3.93945e-06 -0 -0 -0 
-26.1944 -26.1944 0 -0 -0 -0 -4.2493e-05 -0 -0 -25.0556 26.1944 0 -0 -0 -0 -3.67002e-05 -0 -0 25.0556 25.0556 0 -0 -0 -0 -3.13309e-05 -0 -0 26.1944 -25.0556 0 -0 -0 -0 -3.67002e-05 -0 -0 -7.34722 -7.34722 0 -0 -0 -0 -1.14532e-05 -0 -0 -7.02778 7.34722 0 -0 -0 -0 -9.84863e-06 -0 -0 7.02778 7.02778 0 -0 -0 -0 -8.36196e-06 -0 -0 7.34722 -7.02778 0 -0 -0 -0 -9.84863e-06 -0 -0 
-7.34722 0 -26.1944 -0 -0 -0 -0 -4.2493e-05 -0 -7.02778 0 26.1944 -0 -0 -0 -0 -3.67002e-05 -0 -6.72222 0 25.0556 -0 -0 -0 -0 -3.13309e-05 -0 -7.02778 0 -25.0556 -0 -0 -0 -0 -3.67002e-05 -0 7.34722 0 -7.34722 -0 -0 -0 -0 -1.14532e-05 -0 7.02778 0 7.34722 -0 -0 -0 -0 -9.84863e-06 -0 6.72222 0 7.02778 -0 -0 -0 -0 -8.36196e-06 -0 7.02778 0 -7.02778 -0 -0 -0 -0 -9.84863e-06 -0 
0 -7.34722 -26.1944 -0 -0 -0 -0 -0 -4.2493e-05 0 -7.02778 -25.0556 -0 -0 -0 -0 -0 -3.67002e-05 0 -6.72222 25.0556 -0 -0 -0 -0 -0 -3.13309e-05 0 -7.02778 26.1944 -0 -0 -0 -0 -0 -3.67002e-05 0 7.34722 -7.34722 -0 -0 -0 -0 -0 -1.14532e-05 0 7.02778 -7.02778 -0 -0 -0 -0 -0 -9.84863e-06 0 6.72222 7.02778 -0 -0 -0 -0 -0 -8.36196e-06 0 7.02778 7.34722 -0 -0 -0 -0 -0 -9.84863e-06 
2.51863e+09 0 0 -26.1944 0 0 93.3889 -26.1944 0 6.79888e+08 0 0 -26.1944 0 0 26.1944 -7.34722 0 5.87204e+08 0 0 -25.0556 0 0 26.1944 -7.02778 0 2.18408e+09 0 0 -25.0556 0 0 93.3889 -25.0556 0 6.79888e+08 0 0 -7.34722 0 0 26.1944 -26.1944 0 1.83251e+08 0 0 -7.34722 0 0 7.34722 -7.34722 0 1.57578e+08 0 0 -7.02778 0 0 7.34722 -7.02778 0 5.87204e+08 0 0 -7.02778 0 0 26.1944 -25.0556 0 
0 2.51863e+09 0 0 93.3889 0 -26.1944 0 -26.1944 0 6.79888e+08 0 0 26.1944 0 -26.1944 0 -7.34722 0 5.87204e+08 0 0 26.1944 0 -25.0556 0 -7.02778 0 2.18408e+09 0 0 93.3889 0 -25.0556 0 -25.0556 0 6.79888e+08 0 0 26.1944 0 -7.34722 0 -26.1944 0 1.83251e+08 0 0 7.34722 0 -7.34722 0 -7.34722 0 1.57578e+08 0 0 7.34722 0 -7.02778 0 -7.02778 0 5.87204e+08 0 0 26.1944 0 -7.02778 0 -25.0556 
0 0 2.51863e+09 0 0 -26.1944 0 -26.1944 93.3889 0 0 6.79888e+08 0 0 -7.34722 0 -26.1944 26.1944 0 0 5.87204e+08 0 0 -7.02778 0 -25.0556 26.1944 0 0 2.18408e+09 0 0 -25.0556 0 -25.0556 93.3889 0 0 6.79888e+08 0 0 -26.1944 0 -7.34722 26.1944 0 0 1.83251e+08 0 0 -7.34722 0 -7.34722 7.34722 0 0 1.57578e+08 0 0 -7.02778 0 -7.02778 7.34722 0 0 5.87204e+08 0 0 -25.0556 0 -7.02778 26.1944 
-26.1944 0 0 -6.29658e-05 1.57415e-05 1.57415e-05 -0 -0 -0 26.1944 0 0 -1.69972e-05 4.2493e-06 4.2493e-06 -0 -0 -0 25.0556 0 0 -1.46801e-05 3.67002e-06 3.67002e-06 -0 -0 -0 -25.0556 0 0 -5.46019e-05 1.36505e-05 1.36505e-05 -0 -0 -0 -7.34722 0 0 -1.69972e-05 4.2493e-06 4.2493e-06 -0 -0 -0 7.34722 0 0 -4.58127e-06 1.14532e-06 1.14532e-06 -0 -0 -0 7.02778 0 0 -3.93945e-06 9.84863e-07 9.84863e-07 -0 -0 -0 -7.02778 0 0 -1.46801e-05 3.67002e-06 3.67002e-06 -0 -0 -0 
0 -93.3889 0 1.57415e-05 -6.29658e-05 1.57415e-05 -0 -0 -0 0 -26.1944 0 4.2493e-06 -1.69972e-05 4.2493e-06 -0 -0 -0 0 26.1944 0 3.67002e-06 -1.46801e-05 3.67002e-06 -0 -0 -0 0 93.3889 0 1.36505e-05 -5.46019e-05 1.36505e-05 -0 -0 -0 0 -26.1944 0 4.2493e-06 -1.69972e-05 4.2493e-06 -0 -0 -0 0 -7.34722 0 1.14532e-06 -4.58127e-06 1.14532e-06 -0 -0 -0 0 7.34722 0 9.84863e-07 -3.93945e-06 9.84863e-07 -0 -0 -0 0 26.1944 0 3.67002e-06 -1.46801e-05 3.67002e-06 -0 -0 -0 
0 0 -26.1944 1.57415e-05 1.57415e-05 -6.29658e-05 -0 -0 -0 0 0 -7.34722 4.2493e-06 4.2493e-06 -1.69972e-05 -0 -0 -0 0 0 -7.02778 3.67002e-06 3.67002e-06 -1.46801e-05 -0 -0 -0 0 0 -25.0556 1.36505e-05 1.36505e-05 -5.46019e-05 -0 -0 -0 0 0 26.1944 4.2493e-06 4.2493e-06 -1.69972e-05 -0 -0 -0 0 0 7.34722 1.14532e-06 1.14532e-06 -4.58127e-06 -0 -0 -0 0 0 7.02778 9.84863e-07 9.84863e-07 -3.93945e-06 -0 -0 -0 0 0 25.0556 3.67002e-06 3.67002e-06 -1.46801e-05 -0 -0 -0 
-93.3889 -26.1944 0 -0 -0 -0 -0.000157415 -0 -0 -26.1944 26.1944 0 -0 -0 -0 -4.2493e-05 -0 -0 26.1944 25.0556 0 -0 -0 -0 -3.67002e-05 -0 -0 93.3889 -25.0556 0 -0 -0 -0 -0.000136505 -0 -0 -26.1944 -7.34722 0 -0 -0 -0 -4.2493e-05 -0 -0 -7.34722 7.34722 0 -0 -0 -0 -1.14532e-05 -0 -0 7.34722 7.02778 0 -0 -0 -0 -9.84863e-06 -0 -0 26.1944 -7.02778 0 -0 -0 -0 -3.67002e-05 -0 -0 
-26.1944 0 -26.1944 -0 -0 -0 -0 -0.000157415 -0 -7.34722 0 26.1944 -0 -0 -0 -0 -4.2493e-05 -0 -7.02778 0 25.0556 -0 -0 -0 -0 -3.67002e-05 -0 -25.0556 0 -25.0556 -0 -0 -0 -0 -0.000136505 -0 26.1944 0 -7.34722 -0 -0 -0 -0 -4.2493e-05 -0 7.34722 0 7.34722 -0 -0 -0 -0 -1.14532e-05 -0 7.02778 0 7.02778 -0 -0 -0 -0 -9.84863e-06 -0 25.0556 0 -7.02778 -0 -0 -0 -0 -3.67002e-05 -0 
0 -26.1944 -93.3889 -0 -0 -0 -0 -0 -0.000157415 0 -7.34722 -26.1944 -0 -0 -0 -0 -0 -4.2493e-05 0 -7.02778 26.1944 -0 -0 -0 -0 -0 -3.67002e-05 0 -25.0556 93.3889 -0 -0 -0 -0 -0 -0.000136505 0 26.1944 -26.1944 -0 -0 -0 -0 -0 -4.2493e-05 0 7.34722 -7.34722 -0 -0 -0 -0 -0 -1.14532e-05 0 7.02778 7.34722 -0 -0 -0 -0 -0 -9.84863e-06 0 25.0556 26.1944 -0 -0 -0 -0 -0 -3.67002e-05 
2.51863e+09 0 0 -26.1944 0 0 -26.1944 93.3889 0 6.79888e+08 0 0 -26.1944 0 0 -7.34722 26.1944 0 1.83251e+08 0 0 -7.34722 0 0 -7.34722 7.34722 0 6.79888e+08 0 0 -7.34722 0 0 -26.1944 26.1944 0 2.18408e+09 0 0 -25.0556 0 0 -25.0556 93.3889 0 5.87204e+08 0 0 -25.0556 0 0 -7.02778 26.1944 0 1.57578e+08 0 0 -7.02778 0 0 -7.02778 7.34722 0 5.87204e+08 0 0 -7.02778 0 0 -25.0556 26.1944 0 
0 2.51863e+09 0 0 -26.1944 0 -26.1944 0 93.3889 0 6.79888e+08 0 0 -7.34722 0 -26.1944 0 26.1944 0 1.83251e+08 0 0 -7.34722 0 -7.34722 0 7.34722 0 6.79888e+08 0 0 -26.1944 0 -7.34722 0 26.1944 0 2.18408e+09 0 0 -25.0556 0 -25.0556 0 93.3889 0 5.87204e+08 0 0 -7.02778 0 -25.0556 0 26.1944 0 1.57578e+08 0 0 -7.02778 0 -7.02778 0 7.34722 0 5.87204e+08 0 0 -25.0556 0 -7.02778 0 26.1944 
0 0 2.51863e+09 0 0 93.3889 0 -26.1944 -26.1944 0 0 6.79888e+08 0 0 26.1944 0 -26.1944 -7.34722 0 0 1.83251e+08 0 0 7.34722 0 -7.34722 -7.34722 0 0 6.79888e+08 0 0 26.1944 0 -7.34722 -26.1944 0 0 2.18408e+09 0 0 93.3889 0 -25.0556 -25.0556 0 0 5.87204e+08 0 0 26.1944 0 -25.0556 -7.02778 0 0 1.57578e+08 0 0 7.34722 0 -7.02778 -7.02778 0 0 5.87204e+08 0 0 26.1944 0 -7.02778 -25.0556 
-26.1944 0 0 -6.29658e-05 1.57415e-05 1.57415e-05 -0 -0 -0 26.1944 0 0 -1.69972e-05 4.2493e-06 4.2493e-06 -0 -0 -0 7.34722 0 0 -4.58127e-06 1.14532e-06 1.14532e-06 -0 -0 -0 -7.34722 0 0 -1.69972e-05 4.2493e-06 4.2493e-06 -0 -0 -0 -25.0556 0 0 -5.46019e-05 1.36505e-05 1.36505e-05 -0 -0 -0 25.0556 0 0 -1.46801e-05 3.67002e-06 3.67002e-06 -0 -0 -0 7.02778 0 0 -3.93945e-06 9.84863e-07 9.84863e-07 -0 -0 -0 -7.02778 0 0 -1.46801e-05 3.67002e-06 3.67002e-06 -0 -0 -0 
0 -26.1944 0 1.57415e-05 -6.29658e-05 1.57415e-05 -0 -0 -0 0 -7.34722 0 4.2493e-06 -1.69972e-05 4.2493e-06 -0 -0 -0 0 7.34722 0 1.14532e-06 -4.58127e-06 1.14532e-06 -0 -0 -0 0 26.1944 0 4.2493e-06 -1.69972e-05 4.2493e-06 -0 -0 -0 0 -25.0556 0 1.36505e-05 -5.46019e-05 1.36505e-05 -0 -0 -0 0 -7.02778 0 3.67002e-06 -1.46801e-05 3.67002e-06 -0 -0 -0 0 7.02778 0 9.84863e-07 -3.93945e-06 9.84863e-07 -0 -0 -0 0 25.0556 0 3.67002e-06 -1.46801e-05 3.67002e-06 -0 -0 -0 
0 0 -93.3889 1.57415e-05 1.57415e-05 -6.29658e-05 -0 -0 -0 0 0 -26.1944 4.2493e-06 4.2493e-06 -1.69972e-05 -0 -0 -0 0 0 -7.34722 1.14532e-06 1.14532e-06 -4.58127e-06 -0 -0 -0 0 0 -26.1944 4.2493e-06 4.2493e-06 -1.69972e-05 -0 -0 -0 0 0 93.3889 1.36505e-05 1.36505e-05 -5.46019e-05 -0 -0 -0 0 0 26.1944 3.67002e-06 3.67002e-06 -1.46801e-05 -0 -0 -0 0 0 7.34722 9.84863e-07 9.84863e-07 -3.93945e-06 -0 -0 -0 0 0 26.1944 3.67002e-06 3.67002e-06 -1.46801e-05 -0 -0 -0 
-26.1944 -26.1944 0 -0 -0 -0 -0.000157415 -0 -0 -7.34722 26.1944 0 -0 -0 -0 -4.2493e-05 -0 -0 7.34722 7.34722 0 -0 -0 -0 -1.14532e-05 -0 -0 26.1944 -7.34722 0 -0 -0 -0 -4.2493e-05 -0 -0 -25.0556 -25.0556 0 -0 -0 -0 -0.000136505 -0 -0 -7.02778 25.0556 0 -0 -0 -0 -3.67002e-05 -0 -0 7.02778 7.02778 0 -0 -0 -0 -9.84863e-06 -0 -0 25.0556 -7.02778 0 -0 -0 -0 -3.67002e-05 -0 -0 
-93.3889 0 -26.1944 -0 -0 -0 -0 -0.000157415 -0 -26.1944 0 26.1944 -0 -0 -0 -0 -4.2493e-05 -0 -7.34722 0 7.34722 -0 -0 -0 -0 -1.14532e-05 -0 -26.1944 0 -7.34722 -0 -0 -0 -0 -4.2493e-05 -0 93.3889 0 -25.0556 -0 -0 -0 -0 -0.000136505 -0 26.1944 0 25.0556 -0 -0 -0 -0 -3.67002e-05 -0 7.34722 0 7.02778 -0 -0 -0 -0 -9.84863e-06 -0 26.1944 0 -7.02778 -0 -0 -0 -0 -3.67002e-05 -0 
0 -93.3889 -26.1944 -0 -0 -0 -0 -0 -0.000157415 0 -26.1944 -7.34722 -0 -0 -0 -0 -0 -4.2493e-05 0 -7.34722 7.34722 -0 -0 -0 -0 -0 -1.14532e-05 0 -26.1944 26.1944 -0 -0 -0 -0 -0 -4.2493e-05 0 93.3889 -25.0556 -0 -0 -0 -0 -0 -0.000136505 0 26.1944 -7.02778 -0 -0 -0 -0 -0 -3.67002e-05 0 7.34722 7.02778 -0 -0 -0 -0 -0 -9.84863e-06 0 26.1944 25.0556 -0 -0 -0 -0 -0 -3.67002e-05 
6.79888e+08 0 0 26.1944 0 0 -7.34722 26.1944 0 5.87204e+08 0 0 26.1944 0 0 -7.02778 25.0556 0 1.57578e+08 0 0 7.34722 0 0 -7.02778 7.02778 0 1.83251e+08 0 0 7.34722 0 0 -7.34722 7.34722 0 5.87204e+08 0 0 25.0556 0 0 -7.02778 26.1944 0 5.01294e+08 0 0 25.0556 0 0 -6.72222 25.0556 0 1.33791e+08 0 0 7.02778 0 0 -6.72222 7.02778 0 1.57578e+08 0 0 7.02778 0 0 -7.02778 7.34722 0 
0 6.79888e+08 0 0 -7.34722 0 26.1944 0 26.1944 0 5.87204e+08 0 0 -7.02778 0 26.1944 0 25.0556 0 1.57578e+08 0 0 -7.02778 0 7.34722 0 7.02778 0 1.83251e+08 0 0 -7.34722 0 7.34722 0 7.34722 0 5.87204e+08 0 0 -7.02778 0 25.0556 0 26.1944 0 5.01294e+08 0 0 -6.72222 0 25.0556 0 25.0556 0 1.33791e+08 0 0 -6.72222 0 7.02778 0 7.02778 0 1.57578e+08 0 0 -7.02778 0 7.02778 0 7.34722 
0 0 6.79888e+08 0 0 26.1944 0 26.1944 -7.34722 0 0 5.87204e+08 0 0 25.0556 0 26.1944 -7.02778 0 0 1.57578e+08 0 0 7.02778 0 7.34722 -7.02778 0 0 1.83251e+08 0 0 7.34722 0 7.34722 -7.34722 0 0 5.87204e+08 0 0 26.1944 0 25.0556 -7.02778 0 0 5.01294e+08 0 0 25.0556 0 25.0556 -6.72222 0 0 1.33791e+08 0 0 7.02778 0 7.02778 -6.72222 0 0 1.57578e+08 0 0 7.34722 0 7.02778 -7.02778 
-26.1944 0 0 -1.69972e-05 4.2493e-06 4.2493e-06 -0 -0 -0 26.1944 0 0 -1.46801e-05 3.67002e-06 3.67002e-06 -0 -0 -0 7.34722 0 0 -3.93945e-06 9.84863e-07 9.84863e-07 -0 -0 -0 -7.34722 0 0 -4.58127e-06 1.14532e-06 1.14532e-06 -0 -0 -0 -25.0556 0 0 -1.46801e-05 3.67002e-06 3.67002e-06 -0 -0 -0 25.0556 0 0 -1.25323e-05 3.13309e-06 3.13309e-06 -0 -0 -0 7.02778 0 0 -3.34478e-06 8.36196e-07 8.36196e-07 -0 -0 -0 -7.02778 0 0 -3.93945e-06 9.84863e-07 9.84863e-07 -0 -0 -0 
0 -7.34722 0 4.2493e-06 -1.69972e-05 4.2493e-06 -0 -0 -0 0 -7.02778 0 3.67002e-06 -1.46801e-05 3.67002e-06 -0 -0 -0 0 7.02778 0 9.84863e-07 -3.93945e-06 9.84863e-07 -0 -0 -0 0 7.34722 0 1.14532e-06 -4.58127e-06 1.14532e-06 -0 -0 -0 0 -7.02778 0 3.67002e-06 -1.46801e-05 3.67002e-06 -0 -0 -0 0 -6.72222 0 3.13309e-06 -1.25323e-05 3.13309e-06 -0 -0 -0 0 6.72222 0 8.36196e-07 -3.34478e-06 8.36196e-07 -0 -0 -0 0 7.02778 0 9.84863e-07 -3.93945e-06 9.84863e-07 -0 -0 -0 
0 0 -26.1944 4.2493e-06 4.2493e-06 -1.69972e-05 -0 -0 -0 0 0 -25.0556 3.67002e-06 3.67002e-06 -1.46801e-05 -0 -0 -0 0 0 -7.02778 9.84863e-07 9.84863e-07 -3.93945e-06 -0 -0 -0 0 0 -7.34722 1.14532e-06 1.14532e-06 -4.58127e-06 -0 -0 -0 0 0 26.1944 3.67002e-06 3.67002e-06 -1.46801e-05 -0 -0 -0 0 0 25.0556 3.13309e-06 3.13309e-06 -1.25323e-05 -0 -0 -0 0 0 7.02778 8.36196e-07 8.36196e-07 -3.34478e-06 -0 -0 -0 0 0 7.34722 9.84863e-07 9.84863e-07 -3.93945e-06 -0 -0 -0 
-7.34722 -26.1944 0 -0 -0 -0 -4.2493e-05 -0 -0 -7.02778 26.1944 0 -0 -0 -0 -3.67002e-05 -0 -0 7.02778 7.34722 0 -0 -0 -0 -9.84863e-06 -0 -0 7.34722 -7.34722 0 -0 -0 -0 -1.14532e-05 -0 -0 -7.02778 -25.0556 0 -0 -0 -0 -3.67002e-05 -0 -0 -6.72222 25.0556 0 -0 -0 -0 -3.13309e-05 -0 -0 6.72222 7.02778 0 -0 -0 -0 -8.36196e-06 -0 -0 7.02778 -7.02778 0 -0 -0 -0 -9.84863e-06 -0 -0 
-26.1944 0 -26.1944 -0 -0 -0 -0 -4.2493e-05 -0 -25.0556 0 26.1944 -0 -0 -0 -0 -3.67002e-05 -0 -7.02778 0 7.34722 -0 -0 -0 -0 -9.84863e-06 -0 -7.34722 0 -7.34722 -0 -0 -0 -0 -1.14532e-05 -0 26.1944 0 -25.0556 -0 -0 -0 -0 -3.67002e-05 -0 25.0556 0 25.0556 -0 -0 -0 -0 -3.13309e-05 -0 7.02778 0 7.02778 -0 -0 -0 -0 -8.36196e-06 -0 7.34722 0 -7.02778 -0 -0 -0 -0 -9.84863e-06 -0 
0 -26.1944 -7.34722 -0 -0 -0 -0 -0 -4.2493e-05 0 -25.0556 -7.02778 -0 -0 -0 -0 -0 -3.67002e-05 0 -7.02778 7.02778 -0 -0 -0 -0 -0 -9.84863e-06 0 -7.34722 7.34722 -0 -0 -0 -0 -0 -1.14532e-05 0 26.1944 -7.02778 -0 -0 -0 -0 -0 -3.67002e-05 0 25.0556 -6.72222 -0 -0 -0 -0 -0 -3.13309e-05 0 7.02778 6.72222 -0 -0 -0 -0 -0 -8.36196e-06 0 7.34722 7.02778 -0 -0 -0 -0 -0 -9.84863e-06 
1.83251e+08 0 0 7.34722 0 0 7.34722 7.34722 0 1.57578e+08 0 0 7.34722 0 0 7.02778 7.02778 0 1.33791e+08 0 0 7.02778 0 0 7.02778 6.72222 0 1.57578e+08 0 0 7.02778 0 0 7.34722 7.02778 0 1.57578e+08 0 0 7.02778 0 0 7.02778 7.34722 0 1.33791e+08 0 0 7.02778 0 0 6.72222 7.02778 0 1.11775e+08 0 0 6.72222 0 0 6.72222 6.72222 0 1.33791e+08 0 0 6.72222 0 0 7.02778 7.02778 0 
0 1.83251e+08 0 0 7.34722 0 7.34722 0 7.34722 0 1.57578e+08 0 0 7.02778 0 7.34722 0 7.02778 0 1.33791e+08 0 0 7.02778 0 7.02778 0 6.72222 0 1.57578e+08 0 0 7.34722 0 7.02778 0 7.02778 0 1.57578e+08 0 0 7.02778 0 7.02778 0 7.34722 0 1.33791e+08 0 0 6.72222 0 7.02778 0 7.02778 0 1.11775e+08 0 0 6.72222 0 6.72222 0 6.72222 0 1.33791e+08 0 0 7.02778 0 6.72222 0 7.02778 
0 0 1.83251e+08 0 0 7.34722 0 7.34722 7.34722 0 0 1.57578e+08 0 0 7.02778 0 7.34722 7.02778 0 0 1.33791e+08 0 0 6.72222 0 7.02778 7.02778 0 0 1.57578e+08 0 0 7.02778 0 7.02778 7.34722 0 0 1.57578e+08 0 0 7.34722 0 7.02778 7.02778 0 0 1.33791e+08 0 0 7.02778 0 7.02778 6.72222 0 0 1.11775e+08 0 0 6.72222 0 6.72222 6.72222 0 0 1.33791e+08 0 0 7.02778 0 6.72222 7.02778 
-7.34722 0 0 -4.58127e-06 1.14532e-06 1.14532e-06 -0 -0 -0 7.34722 0 0 -3.93945e-06 9.84863e-07 9.84863e-07 -0 -0 -0 7.02778 0 0 -3.34478e-06 8.36196e-07 8.36196e-07 -0 -0 -0 -7.02778 0 0 -3.93945e-06 9.84863e-07 9.84863e-07 -0 -0 -0 -7.02778 0 0 -3.93945e-06 9.84863e-07 9.84863e-07 -0 -0 -0 7.02778 0 0 -3.34478e-06 8.36196e-07 8.36196e-07 -0 -0 -0 6.72222 0 0 -2.79438e-06 6.98594e-07 6.98594e-07 -0 -0 -0 -6.72222 0 0 -3.34478e-06 8.36196e-07 8.36196e-07 -0 -0 -0 
0 -7.34722 0 1.14532e-06 -4.58127e-06 1.14532e-06 -0 -0 -0 0 -7.02778 0 9.84863e-07 -3.93945e-06 9.84863e-07 -0 -0 -0 0 7.02778 0 8.36196e-07 -3.34478e-06 8.36196e-07 -0 -0 -0 0 7.34722 0 9.84863e-07 -3.93945e-06 9.84863e-07 -0 -0 -0 0 -7.02778 0 9.84863e-07 -3.93945e-06 9.84863e-07 -0 -0 -0 0 -6.72222 0 8.36196e-07 -3.34478e-06 8.36196e-07 -0 -0 -0 0 6.72222 0 6.98594e-07 -2.79438e-06 6.98594e-07 -0 -0 -0 0 7.02778 0 8.36196e-07 -3.34478e-06 8.36196e-07 -0 -0 -0 
0 0 -7.34722 1.14532e-06 1.14532e-06 -4.58127e-06 -0 -0 -0 0 0 -7.02778 9.84863e-07 9.84863e-07 -3.93945e-06 -0 -0 -0 0 0 -6.72222 8.36196e-07 8.36196e-07 -3.34478e-06 -0 -0 -0 0 0 -7.02778 9.84863e-07 9.84863e-07 -3.93945e-06 -0 -0 -0 0 0 7.34722 9.84863e-07 9.84863e-07 -3.93945e-06 -0 -0 -0 0 0 7.02778 8.36196e-07 8.36196e-07 -3.34478e-06 -0 -0 -0 0 0 6.72222 6.98594e-07 6.98594e-07 -2.79438e-06 -0 -0 -0 0 0 7.02778 8.36196e-07 8.36196e-07 -3.34478e-06 -0 -0 -0 
-7.34722 -7.34722 0 -0 -0 -0 -1.14532e-05 -0 -0 -7.02778 7.34722 0 -0 -0 -0 -9.84863e-06 -0 -0 7.02778 7.02778 0 -0 -0 -0 -8.36196e-06 -0 -0 7.34722 -7.02778 0 -0 -0 -0 -9.84863e-06 -0 -0 -7.02778 -7.02778 0 -0 -0 -0 -9.84863e-06 -0 -0 -6.72222 7.02778 0 -0 -0 -0 -8.36196e-06 -0 -0 6.72222 6.72222 0 -0 -0 -0 -6.98594e-06 -0 -0 7.02778 -6.72222 0 -0 -0 -0 -8.36196e-06 -0 -0 
-7.34722 0 -7.34722 -0 -0 -0 -0 -1.14532e-05 -0 -7.02778 0 7.34722 -0 -0 -0 -0 -9.84863e-06 -0 -6.72222 0 7.02778 -0 -0 -0 -0 -8.36196e-06 -0 -7.02778 0 -7.02778 -0 -0 -0 -0 -9.84863e-06 -0 7.34722 0 -7.02778 -0 -0 -0 -0 -9.84863e-06 -0 7.02778 0 7.02778 -0 -0 -0 -0 -8.36196e-06 -0 6.72222 0 6.72222 -0 -0 -0 -0 -6.98594e-06 -0 7.02778 0 -6.72222 -0 -0 -0 -0 -8.36196e-06 -0 
0 -7.34722 -7.34722 -0 -0 -0 -0 -0 -1.14532e-05 0 -7.02778 -7.02778 -0 -0 -0 -0 -0 -9.84863e-06 0 -6.72222 7.02778 -0 -0 -0 -0 -0 -8.36196e-06 0 -7.02778 7.34722 -0 -0 -0 -0 -0 -9.84863e-06 0 7.34722 -7.02778 -0 -0 -0 -0 -0 -9.84863e-06 0 7.02778 -6.72222 -0 -0 -0 -0 -0 -8.36196e-06 0 6.72222 6.72222 -0 -0 -0 -0 -0 -6.98594e-06 0 7.02778 7.02778 -0 -0 -0 -0 -0 -8.36196e-06 
6.79888e+08 0 0 -7.34722 0 0 26.1944 26.1944 0 1.83251e+08 0 0 -7.34722 0 0 7.34722 7.34722 0 1.57578e+08 0 0 -7.02778 0 0 7.34722 7.02778 0 5.87204e+08 0 0 -7.02778 0 0 26.1944 25.0556 0 5.87204e+08 0 0 -7.02778 0 0 25.0556 26.1944 0 1.57578e+08 0 0 -7.02778 0 0 7.02778 7.34722 0 1.33791e+08 0 0 -6.72222 0 0 7.02778 7.02778 0 5.01294e+08 0 0 -6.72222 0 0 25.0556 25.0556 0 
0 6.79888e+08 0 0 26.1944 0 -7.34722 0 26.1944 0 1.83251e+08 0 0 7.34722 0 -7.34722 0 7.34722 0 1.57578e+08 0 0 7.34722 0 -7.02778 0 7.02778 0 5.87204e+08 0 0 26.1944 0 -7.02778 0 25.0556 0 5.87204e+08 0 0 25.0556 0 -7.02778 0 26.1944 0 1.57578e+08 0 0 7.02778 0 -7.02778 0 7.34722 0 1.33791e+08 0 0 7.02778 0 -6.72222 0 7.02778 0 5.01294e+08 0 0 25.0556 0 -6.72222 0 25.0556 
0 0 6.79888e+08 0 0 26.1944 0 -7.34722 26.1944 0 0 1.83251e+08 0 0 7.34722 0 -7.34722 7.34722 0 0 1.57578e+08 0 0 7.02778 0 -7.02778 7.34722 0 0 5.87204e+08 0 0 25.0556 0 -7.02778 26.1944 0 0 5.87204e+08 0 0 26.1944 0 -7.02778 25.0556 0 0 1.57578e+08 0 0 7.34722 0 -7.02778 7.02778 0 0 1.33791e+08 0 0 7.02778 0 -6.72222 7.02778 0 0 5.01294e+08 0 0 25.0556 0 -6.72222 25.0556 
-7.34722 0 0 -1.69972e-05 4.2493e-06 4.2493e-06 -0 -0 -0 7.34722 0 0 -4.58127e-06 1.14532e-06 1.14532e-06 -0 -0 -0 7.02778 0 0 -3.93945e-06 9.84863e-07 9.84863e-07 -0 -0 -0 -7.02778 0 0 -1.46801e-05 3.67002e-06 3.67002e-06 -0 -0 -0 -7.02778 0 0 -1.46801e-05 3.67002e-06 3.67002e-06 -0 -0 -0 7.02778 0 0 -3.93945e-06 9.84863e-07 9.84863e-07 -0 -0 -0 6.72222 0 0 -3.34478e-06 8.36196e-07 8.36196e-07 -0 -0 -0 -6.72222 0 0 -1.25323e-05 3.13309e-06 3.13309e-06 -0 -0 -0 
0 -26.1944 0 4.2493e-06 -1.69972e-05 4.2493e-06 -0 -0 -0 0 -7.34722 0 1.14532e-06 -4.58127e-06 1.14532e-06 -0 -0 -0 0 7.34722 0 9.84863e-07 -3.93945e-06 9.84863e-07 -0 -0 -0 0 26.1944 0 3.67002e-06 -1.46801e-05 3.67002e-06 -0 -0 -0 0 -25.0556 0 3.67002e-06 -1.46801e-05 3.67002e-06 -0 -0 -0 0 -7.02778 0 9.84863e-07 -3.93945e-06 9.84863e-07 -0 -0 -0 0 7.02778 0 8.36196e-07 -3.34478e-06 8.36196e-07 -0 -0 -0 0 25.0556 0 3.13309e-06 -1.25323e-05 3.13309e-06 -0 -0 -0 
0 0 -26.1944 4.2493e-06 4.2493e-06 -1.69972e-05 -0 -0 -0 0 0 -7.34722 1.14532e-06 1.14532e-06 -4.58127e-06 -0 -0 -0 0 0 -7.02778 9.84863e-07 9.84863e-07 -3.93945e-06 -0 -0 -0 0 0 -25.0556 3.67002e-06 3.67002e-06 -1.46801e-05 -0 -0 -0 0 0 26.1944 3.67002e-06 3.67002e-06 -1.46801e-05 -0 -0 -0 0 0 7.34722 9.84863e-07 9.84863e-07 -3.93945e-06 -0 -0 -0 0 0 7.02778 8.36196e-07 8.36196e-07 -3.34478e-06 -0 -0 -0 0 0 25.0556 3.13309e-06 3.13309e-06 -1.25323e-05 -0 -0 -0 
-26.1944 -7.34722 0 -0 -0 -0 -4.2493e-05 -0 -0 -7.34722 7.34722 0 -0 -0 -0 -1.14532e-05 -0 -0 7.34722 7.02778 0 -0 -0 -0 -9.84863e-06 -0 -0 26.1944 -7.02778 0 -0 -0 -0 -3.67002e-05 -0 -0 -25.0556 -7.02778 0 -0 -0 -0 -3.67002e-05 -0 -0 -7.02778 7.02778 0 -0 -0 -0 -9.84863e-06 -0 -0 7.02778 6.72222 0 -0 -0 -0 -8.36196e-06 -0 -0 25.0556 -6.72222 0 -0 -0 -0 -3.13309e-05 -0 -0 
-26.1944 0 -7.34722 -0 -0 -0 -0 -4.2493e-05 -0 -7.34722 0 7.34722 -0 -0 -0 -0 -1.14532e-05 -0 -7.02778 0 7.02778 -0 -0 -0 -0 -9.84863e-06 -0 -25.0556 0 -7.02778 -0 -0 -0 -0 -3.67002e-05 -0 26.1944 0 -7.02778 -0 -0 -0 -0 -3.67002e-05 -0 7.34722 0 7.02778 -0 -0 -0 -0 -9.84863e-06 -0 7.02778 0 6.72222 -0 -0 -0 -0 -8.36196e-06 -0 25.0556 0 -6.72222 -0 -0 -0 -0 -3.13309e-05 -0 
0 -26.1944 -26.1944 -0 -0 -0 -0 -0 -4.2493e-05 0 -7.34722 -7.34722 -0 -0 -0 -0 -0 -1.14532e-05 0 -7.02778 7.34722 -0 -0 -0 -0 -0 -9.84863e-06 0 -25.0556 26.1944 -0 -0 -0 -0 -0 -3.67002e-05 0 26.1944 -25.0556 -0 -0 -0 -0 -0 -3.67002e-05 0 7.34722 -7.02778 -0 -0 -0 -0 -0 -9.84863e-06 0 7.02778 7.02778 -0 -0 -0 -0 -0 -8.36196e-06 0 25.0556 25.0556 -0 -0 -0 -0 -0 -3.13309e-05 
