1.14931e+15 0 0 -3.456e+07 0 0 -3.456e+07 -3.456e+07 0 2.87326e+14 0 0 -3.456e+07 0 0 -8.64e+06 -8.64e+06 0 7.18316e+13 0 0 -8.64e+06 0 0 -8.64e+06 -2.16e+06 0 2.87326e+14 0 0 -8.64e+06 0 0 -3.456e+07 -8.64e+06 0 2.87326e+14 0 0 -8.64e+06 0 0 -8.64e+06 -3.456e+07 0 7.18316e+13 0 0 -8.64e+06 0 0 -2.16e+06 -8.64e+06 0 1.79579e+13 0 0 -2.16e+06 0 0 -2.16e+06 -2.16e+06 0 7.18316e+13 0 0 -2.16e+06 0 0 -8.64e+06 -8.64e+06 0 
0 1.14931e+15 0 0 -3.456e+07 0 -3.456e+07 0 -3.456e+07 0 2.87326e+14 0 0 -8.64e+06 0 -3.456e+07 0 -8.64e+06 0 7.18316e+13 0 0 -8.64e+06 0 -8.64e+06 0 -2.16e+06 0 2.87326e+14 0 0 -3.456e+07 0 -8.64e+06 0 -8.64e+06 0 2.87326e+14 0 0 -8.64e+06 0 -8.64e+06 0 -3.456e+07 0 7.18316e+13 0 0 -2.16e+06 0 -8.64e+06 0 -8.64e+06 0 1.79579e+13 0 0 -2.16e+06 0 -2.16e+06 0 -2.16e+06 0 7.18316e+13 0 0 -8.64e+06 0 -2.16e+06 0 -8.64e+06 
0 0 1.14931e+15 0 0 -3.456e+07 0 -3.456e+07 -3.456e+07 0 0 2.87326e+14 0 0 -8.64e+06 0 -3.456e+07 -8.64e+06 0 0 7.18316e+13 0 0 -2.16e+06 0 -8.64e+06 -8.64e+06 0 0 2.87326e+14 0 0 -8.64e+06 0 -8.64e+06 -3.456e+07 0 0 2.87326e+14 0 0 -3.456e+07 0 -8.64e+06 -8.64e+06 0 0 7.18316e+13 0 0 -8.64e+06 0 -8.64e+06 -2.16e+06 0 0 1.79579e+13 0 0 -2.16e+06 0 -2.16e+06 -2.16e+06 0 0 7.18316e+13 0 0 -8.64e+06 0 -2.16e+06 -8.64e+06 
-3.456e+07 0 0 -28.7326 7.18316 7.18316 -0 -0 -0 3.456e+07 0 0 -7.18316 1.79579 1.79579 -0 -0 -0 8.64e+06 0 0 -1.79579 0.448948 0.448948 -0 -0 -0 -8.64e+06 0 0 -7.18316 1.79579 1.79579 -0 -0 -0 -8.64e+06 0 0 -7.18316 1.79579 1.79579 -0 -0 -0 8.64e+06 0 0 -1.79579 0.448948 0.448948 -0 -0 -0 2.16e+06 0 0 -0.448948 0.112237 0.112237 -0 -0 -0 -2.16e+06 0 0 -1.79579 0.448948 0.448948 -0 -0 -0 
0 -3.456e+07 0 7.18316 -28.7326 7.18316 -0 -0 -0 0 -8.64e+06 0 1.79579 -7.18316 1.79579 -0 -0 -0 0 8.64e+06 0 0.448948 -1.79579 0.448948 -0 -0 -0 0 3.456e+07 0 1.79579 -7.18316 1.79579 -0 -0 -0 0 -8.64e+06 0 1.79579 -7.18316 1.79579 -0 -0 -0 0 -2.16e+06 0 0.448948 -1.79579 0.448948 -0 -0 -0 0 2.16e+06 0 0.112237 -0.448948 0.112237 -0 -0 -0 0 8.64e+06 0 0.448948 -1.79579 0.448948 -0 -0 -0 
0 0 -3.456e+07 7.18316 7.18316 -28.7326 -0 -0 -0 0 0 -8.64e+06 1.79579 1.79579 -7.18316 -0 -0 -0 0 0 -2.16e+06 0.448948 0.448948 -1.79579 -0 -0 -0 0 0 -8.64e+06 1.79579 1.79579 -7.18316 -0 -0 -0 0 0 3.456e+07 1.79579 1.79579 -7.18316 -0 -0 -0 0 0 8.64e+06 0.448948 0.448948 -1.79579 -0 -0 -0 0 0 2.16e+06 0.112237 0.112237 -0.448948 -0 -0 -0 0 0 8.64e+06 0.448948 0.448948 -1.79579 -0 -0 -0 
-3.456e+07 -3.456e+07 0 -0 -0 -0 -71.8316 -0 -0 -8.64e+06 3.456e+07 0 -0 -0 -0 -17.9579 -0 -0 8.64e+06 8.64e+06 0 -0 -0 -0 -4.48948 -0 -0 3.456e+07 -8.64e+06 0 -0 -0 -0 -17.9579 -0 -0 -8.64e+06 -8.64e+06 0 -0 -0 -0 -17.9579 -0 -0 -2.16e+06 8.64e+06 0 -0 -0 -0 -4.48948 -0 -0 2.16e+06 2.16e+06 0 -0 -0 -0 -1.12237 -0 -0 8.64e+06 -2.16e+06 0 -0 -0 -0 -4.48948 -0 -0 
-3.456e+07 0 -3.456e+07 -0 -0 -0 -0 -71.8316 -0 -8.64e+06 0 3.456e+07 -0 -0 -0 -0 -17.9579 -0 -2.16e+06 0 8.64e+06 -0 -0 -0 -0 -4.48948 -0 -8.64e+06 0 -8.64e+06 -0 -0 -0 -0 -17.9579 -0 3.456e+07 0 -8.64e+06 -0 -0 -0 -0 -17.9579 -0 8.64e+06 0 8.64e+06 -0 -0 -0 -0 -4.48948 -0 2.16e+06 0 2.16e+06 -0 -0 -0 -0 -1.12237 -0 8.64e+06 0 -2.16e+06 -0 -0 -0 -0 -4.48948 -0 
0 -3.456e+07 -3.456e+07 -0 -0 -0 -0 -0 -71.8316 0 -8.64e+06 -8.64e+06 -0 -0 -0 -0 -0 -17.9579 0 -2.16e+06 8.64e+06 -0 -0 -0 -0 -0 -4.48948 0 -8.64e+06 3.456e+07 -0 -0 -0 -0 -0 -17.9579 0 3.456e+07 -8.64e+06 -0 -0 -0 -0 -0 -17.9579 0 8.64e+06 -2.16e+06 -0 -0 -0 -0 -0 -4.48948 0 2.16e+06 2.16e+06 -0 -0 -0 -0 -0 -1.12237 0 8.64e+06 8.64e+06 -0 -0 -0 -0 -0 -4.48948 
2.87326e+14 0 0 3.456e+07 0 0 -8.64e+06 -8.64e+06 0 1.91551e+14 0 0 3.456e+07 0 0 -5.76e+06 -5.76e+06 0 4.78877e+13 0 0 8.64e+06 0 0 -5.76e+06 -1.44e+06 0 7.18316e+13 0 0 8.64e+06 0 0 -8.64e+06 -2.16e+06 0 7.18316e+13 0 0 8.64e+06 0 0 -2.16e+06 -8.64e+06 0 4.78877e+13 0 0 8.64e+06 0 0 -1.44e+06 -5.76e+06 0 1.19719e+13 0 0 2.16e+06 0 0 -1.44e+06 -1.44e+06 0 1.79579e+13 0 0 2.16e+06 0 0 -2.16e+06 -2.16e+06 0 
0 2.87326e+14 0 0 -8.64e+06 0 3.456e+07 0 -8.64e+06 0 1.91551e+14 0 0 -5.76e+06 0 3.456e+07 0 -5.76e+06 0 4.78877e+13 0 0 -5.76e+06 0 8.64e+06 0 -1.44e+06 0 7.18316e+13 0 0 -8.64e+06 0 8.64e+06 0 -2.16e+06 0 7.18316e+13 0 0 -2.16e+06 0 8.64e+06 0 -8.64e+06 0 4.78877e+13 0 0 -1.44e+06 0 8.64e+06 0 -5.76e+06 0 1.19719e+13 0 0 -1.44e+06 0 2.16e+06 0 -1.44e+06 0 1.79579e+13 0 0 -2.16e+06 0 2.16e+06 0 -2.16e+06 
0 0 2.87326e+14 0 0 -8.64e+06 0 3.456e+07 -8.64e+06 0 0 1.91551e+14 0 0 -5.76e+06 0 3.456e+07 -5.76e+06 0 0 4.78877e+13 0 0 -1.44e+06 0 8.64e+06 -5.76e+06 0 0 7.18316e+13 0 0 -2.16e+06 0 8.64e+06 -8.64e+06 0 0 7.18316e+13 0 0 -8.64e+06 0 8.64e+06 -2.16e+06 0 0 4.78877e+13 0 0 -5.76e+06 0 8.64e+06 -1.44e+06 0 0 1.19719e+13 0 0 -1.44e+06 0 2.16e+06 -1.44e+06 0 0 1.79579e+13 0 0 -2.16e+06 0 2.16e+06 -2.16e+06 
-3.456e+07 0 0 -7.18316 1.79579 1.79579 -0 -0 -0 3.456e+07 0 0 -4.78877 1.19719 1.19719 -0 -0 -0 8.64e+06 0 0 -1.19719 0.299298 0.299298 -0 -0 -0 -8.64e+06 0 0 -1.79579 0.448948 0.448948 -0 -0 -0 -8.64e+06 0 0 -1.79579 0.448948 0.448948 -0 -0 -0 8.64e+06 0 0 -1.19719 0.299298 0.299298 -0 -0 -0 2.16e+06 0 0 -0.299298 0.0748246 0.0748246 -0 -0 -0 -2.16e+06 0 0 -0.448948 0.112237 0.112237 -0 -0 -0 
0 -8.64e+06 0 1.79579 -7.18316 1.79579 -0 -0 -0 0 -5.76e+06 0 1.19719 -4.78877 1.19719 -0 -0 -0 0 5.76e+06 0 0.299298 -1.19719 0.299298 -0 -0 -0 0 8.64e+06 0 0.448948 -1.79579 0.448948 -0 -0 -0 0 -2.16e+06 0 0.448948 -1.79579 0.448948 -0 -0 -0 0 -1.44e+06 0 0.299298 -1.19719 0.299298 -0 -0 -0 0 1.44e+06 0 0.0748246 -0.299298 0.0748246 -0 -0 -0 0 2.16e+06 0 0.112237 -0.448948 0.112237 -0 -0 -0 
0 0 -8.64e+06 1.79579 1.79579 -7.18316 -0 -0 -0 0 0 -5.76e+06 1.19719 1.19719 -4.78877 -0 -0 -0 0 0 -1.44e+06 0.299298 0.299298 -1.19719 -0 -0 -0 0 0 -2.16e+06 0.448948 0.448948 -1.79579 -0 -0 -0 0 0 8.64e+06 0.448948 0.448948 -1.79579 -0 -0 -0 0 0 5.76e+06 0.299298 0.299298 -1.19719 -0 -0 -0 0 0 1.44e+06 0.0748246 0.0748246 -0.299298 -0 -0 -0 0 0 2.16e+06 0.112237 0.112237 -0.448948 -0 -0 -0 
-8.64e+06 -3.456e+07 0 -0 -0 -0 -17.9579 -0 -0 -5.76e+06 3.456e+07 0 -0 -0 -0 -11.9719 -0 -0 5.76e+06 8.64e+06 0 -0 -0 -0 -2.99298 -0 -0 8.64e+06 -8.64e+06 0 -0 -0 -0 -4.48948 -0 -0 -2.16e+06 -8.64e+06 0 -0 -0 -0 -4.48948 -0 -0 -1.44e+06 8.64e+06 0 -0 -0 -0 -2.99298 -0 -0 1.44e+06 2.16e+06 0 -0 -0 -0 -0.748246 -0 -0 2.16e+06 -2.16e+06 0 -0 -0 -0 -1.12237 -0 -0 
-8.64e+06 0 -3.456e+07 -0 -0 -0 -0 -17.9579 -0 -5.76e+06 0 3.456e+07 -0 -0 -0 -0 -11.9719 -0 -1.44e+06 0 8.64e+06 -0 -0 -0 -0 -2.99298 -0 -2.16e+06 0 -8.64e+06 -0 -0 -0 -0 -4.48948 -0 8.64e+06 0 -8.64e+06 -0 -0 -0 -0 -4.48948 -0 5.76e+06 0 8.64e+06 -0 -0 -0 -0 -2.99298 -0 1.44e+06 0 2.16e+06 -0 -0 -0 -0 -0.748246 -0 2.16e+06 0 -2.16e+06 -0 -0 -0 -0 -1.12237 -0 
0 -8.64e+06 -8.64e+06 -0 -0 -0 -0 -0 -17.9579 0 -5.76e+06 -5.76e+06 -0 -0 -0 -0 -0 -11.9719 0 -1.44e+06 5.76e+06 -0 -0 -0 -0 -0 -2.99298 0 -2.16e+06 8.64e+06 -0 -0 -0 -0 -0 -4.48948 0 8.64e+06 -2.16e+06 -0 -0 -0 -0 -0 -4.48948 0 5.76e+06 -1.44e+06 -0 -0 -0 -0 -0 -2.99298 0 1.44e+06 1.44e+06 -0 -0 -0 -0 -0 -0.748246 0 2.16e+06 2.16e+06 -0 -0 -0 -0 -0 -1.12237 
7.18316e+13 0 0 8.64e+06 0 0 8.64e+06 -2.16e+06 0 4.78877e+13 0 0 8.64e+06 0 0 5.76e+06 -1.44e+06 0 3.19252e+13 0 0 5.76e+06 0 0 5.76e+06 -960000 0 4.78877e+13 0 0 5.76e+06 0 0 8.64e+06 -1.44e+06 0 1.79579e+13 0 0 2.16e+06 0 0 2.16e+06 -2.16e+06 0 1.19719e+13 0 0 2.16e+06 0 0 1.44e+06 -1.44e+06 0 7.98129e+12 0 0 1.44e+06 0 0 1.44e+06 -960000 0 1.19719e+13 0 0 1.44e+06 0 0 2.16e+06 -1.44e+06 0 
0 7.18316e+13 0 0 8.64e+06 0 8.64e+06 0 -2.16e+06 0 4.78877e+13 0 0 5.76e+06 0 8.64e+06 0 -1.44e+06 0 3.19252e+13 0 0 5.76e+06 0 5.76e+06 0 -960000 0 4.78877e+13 0 0 8.64e+06 0 5.76e+06 0 -1.44e+06 0 1.79579e+13 0 0 2.16e+06 0 2.16e+06 0 -2.16e+06 0 1.19719e+13 0 0 1.44e+06 0 2.16e+06 0 -1.44e+06 0 7.98129e+12 0 0 1.44e+06 0 1.44e+06 0 -960000 0 1.19719e+13 0 0 2.16e+06 0 1.44e+06 0 -1.44e+06 
0 0 7.18316e+13 0 0 -2.16e+06 0 8.64e+06 8.64e+06 0 0 4.78877e+13 0 0 -1.44e+06 0 8.64e+06 5.76e+06 0 0 3.19252e+13 0 0 -960000 0 5.76e+06 5.76e+06 0 0 4.78877e+13 0 0 -1.44e+06 0 5.76e+06 8.64e+06 0 0 1.79579e+13 0 0 -2.16e+06 0 2.16e+06 2.16e+06 0 0 1.19719e+13 0 0 -1.44e+06 0 2.16e+06 1.44e+06 0 0 7.98129e+12 0 0 -960000 0 1.44e+06 1.44e+06 0 0 1.19719e+13 0 0 -1.44e+06 0 1.44e+06 2.16e+06 
-8.64e+06 0 0 -1.79579 0.448948 0.448948 -0 -0 -0 8.64e+06 0 0 -1.19719 0.299298 0.299298 -0 -0 -0 5.76e+06 0 0 -0.798129 0.199532 0.199532 -0 -0 -0 -5.76e+06 0 0 -1.19719 0.299298 0.299298 -0 -0 -0 -2.16e+06 0 0 -0.448948 0.112237 0.112237 -0 -0 -0 2.16e+06 0 0 -0.299298 0.0748246 0.0748246 -0 -0 -0 1.44e+06 0 0 -0.199532 0.0498831 0.0498831 -0 -0 -0 -1.44e+06 0 0 -0.299298 0.0748246 0.0748246 -0 -0 -0 
0 -8.64e+06 0 0.448948 -1.79579 0.448948 -0 -0 -0 0 -5.76e+06 0 0.299298 -1.19719 0.299298 -0 -0 -0 0 5.76e+06 0 0.199532 -0.798129 0.199532 -0 -0 -0 0 8.64e+06 0 0.299298 -1.19719 0.299298 -0 -0 -0 0 -2.16e+06 0 0.112237 -0.448948 0.112237 -0 -0 -0 0 -1.44e+06 0 0.0748246 -0.299298 0.0748246 -0 -0 -0 0 1.44e+06 0 0.0498831 -0.199532 0.0498831 -0 -0 -0 0 2.16e+06 0 0.0748246 -0.299298 0.0748246 -0 -0 -0 
0 0 -2.16e+06 0.448948 0.448948 -1.79579 -0 -0 -0 0 0 -1.44e+06 0.299298 0.299298 -1.19719 -0 -0 -0 0 0 -960000 0.199532 0.199532 -0.798129 -0 -0 -0 0 0 -1.44e+06 0.299298 0.299298 -1.19719 -0 -0 -0 0 0 2.16e+06 0.112237 0.112237 -0.448948 -0 -0 -0 0 0 1.44e+06 0.0748246 0.0748246 -0.299298 -0 -0 -0 0 0 960000 0.0498831 0.0498831 -0.199532 -0 -0 -0 0 0 1.44e+06 0.0748246 0.0748246 -0.299298 -0 -0 -0 
-8.64e+06 -8.64e+06 0 -0 -0 -0 -4.48948 -0 -0 -5.76e+06 8.64e+06 0 -0 -0 -0 -2.99298 -0 -0 5.76e+06 5.76e+06 0 -0 -0 -0 -1.99532 -0 -0 8.64e+06 -5.76e+06 0 -0 -0 -0 -2.99298 -0 -0 -2.16e+06 -2.16e+06 0 -0 -0 -0 -1.12237 -0 -0 -1.44e+06 2.16e+06 0 -0 -0 -0 -0.748246 -0 -0 1.44e+06 1.44e+06 0 -0 -0 -0 -0.498831 -0 -0 2.16e+06 -1.44e+06 0 -0 -0 -0 -0.748246 -0 -0 
-2.16e+06 0 -8.64e+06 -0 -0 -0 -0 -4.48948 -0 -1.44e+06 0 8.64e+06 -0 -0 -0 -0 -2.99298 -0 -960000 0 5.76e+06 -0 -0 -0 -0 -1.99532 -0 -1.44e+06 0 -5.76e+06 -0 -0 -0 -0 -2.99298 -0 2.16e+06 0 -2.16e+06 -0 -0 -0 -0 -1.12237 -0 1.44e+06 0 2.16e+06 -0 -0 -0 -0 -0.748246 -0 960000 0 1.44e+06 -0 -0 -0 -0 -0.498831 -0 1.44e+06 0 -1.44e+06 -0 -0 -0 -0 -0.748246 -0 
0 -2.16e+06 -8.64e+06 -0 -0 -0 -0 -0 -4.48948 0 -1.44e+06 -5.76e+06 -0 -0 -0 -0 -0 -2.99298 0 -960000 5.76e+06 -0 -0 -0 -0 -0 -1.99532 0 -1.44e+06 8.64e+06 -0 -0 -0 -0 -0 -2.99298 0 2.16e+06 -2.16e+06 -0 -0 -0 -0 -0 -1.12237 0 1.44e+06 -1.44e+06 -0 -0 -0 -0 -0 -0.748246 0 960000 1.44e+06 -0 -0 -0 -0 -0 -0.498831 0 1.44e+06 2.16e+06 -0 -0 -0 -0 -0 -0.748246 
2.87326e+14 0 0 -8.64e+06 0 0 3.456e+07 -8.64e+06 0 7.18316e+13 0 0 -8.64e+06 0 0 8.64e+06 -2.16e+06 0 4.78877e+13 0 0 -5.76e+06 0 0 8.64e+06 -1.44e+06 0 1.91551e+14 0 0 -5.76e+06 0 0 3.456e+07 -5.76e+06 0 7.18316e+13 0 0 -2.16e+06 0 0 8.64e+06 -8.64e+06 0 1.79579e+13 0 0 -2.16e+06 0 0 2.16e+06 -2.16e+06 0 1.19719e+13 0 0 -1.44e+06 0 0 2.16e+06 -1.44e+06 0 4.78877e+13 0 0 -1.44e+06 0 0 8.64e+06 -5.76e+06 0 
0 2.87326e+14 0 0 3.456e+07 0 -8.64e+06 0 -8.64e+06 0 7.18316e+13 0 0 8.64e+06 0 -8.64e+06 0 -2.16e+06 0 4.78877e+13 0 0 8.64e+06 0 -5.76e+06 0 -1.44e+06 0 1.91551e+14 0 0 3.456e+07 0 -5.76e+06 0 -5.76e+06 0 7.18316e+13 0 0 8.64e+06 0 -2.16e+06 0 -8.64e+06 0 1.79579e+13 0 0 2.16e+06 0 -2.16e+06 0 -2.16e+06 0 1.19719e+13 0 0 2.16e+06 0 -1.44e+06 0 -1.44e+06 0 4.78877e+13 0 0 8.64e+06 0 -1.44e+06 0 -5.76e+06 
0 0 2.87326e+14 0 0 -8.64e+06 0 -8.64e+06 3.456e+07 0 0 7.18316e+13 0 0 -2.16e+06 0 -8.64e+06 8.64e+06 0 0 4.78877e+13 0 0 -1.44e+06 0 -5.76e+06 8.64e+06 0 0 1.91551e+14 0 0 -5.76e+06 0 -5.76e+06 3.456e+07 0 0 7.18316e+13 0 0 -8.64e+06 0 -2.16e+06 8.64e+06 0 0 1.79579e+13 0 0 -2.16e+06 0 -2.16e+06 2.16e+06 0 0 1.19719e+13 0 0 -1.44e+06 0 -1.44e+06 2.16e+06 0 0 4.78877e+13 0 0 -5.76e+06 0 -1.44e+06 8.64e+06 
-8.64e+06 0 0 -7.18316 1.79579 1.79579 -0 -0 -0 8.64e+06 0 0 -1.79579 0.448948 0.448948 -0 -0 -0 5.76e+06 0 0 -1.19719 0.299298 0.299298 -0 -0 -0 -5.76e+06 0 0 -4.78877 1.19719 1.19719 -0 -0 -0 -2.16e+06 0 0 -1.79579 0.448948 0.448948 -0 -0 -0 2.16e+06 0 0 -0.448948 0.112237 0.112237 -0 -0 -0 1.44e+06 0 0 -0.299298 0.0748246 0.0748246 -0 -0 -0 -1.44e+06 0 0 -1.19719 0.299298 0.299298 -0 -0 -0 
0 -3.456e+07 0 1.79579 -7.18316 1.79579 -0 -0 -0 0 -8.64e+06 0 0.448948 -1.79579 0.448948 -0 -0 -0 0 8.64e+06 0 0.299298 -1.19719 0.299298 -0 -0 -0 0 3.456e+07 0 1.19719 -4.78877 1.19719 -0 -0 -0 0 -8.64e+06 0 0.448948 -1.79579 0.448948 -0 -0 -0 0 -2.16e+06 0 0.112237 -0.448948 0.112237 -0 -0 -0 0 2.16e+06 0 0.0748246 -0.299298 0.0748246 -0 -0 -0 0 8.64e+06 0 0.299298 -1.19719 0.299298 -0 -0 -0 
0 0 -8.64e+06 1.79579 1.79579 -7.18316 -0 -0 -0 0 0 -2.16e+06 0.448948 0.448948 -1.79579 -0 -0 -0 0 0 -1.44e+06 0.299298 0.299298 -1.19719 -0 -0 -0 0 0 -5.76e+06 1.19719 1.19719 -4.78877 -0 -0 -0 0 0 8.64e+06 0.448948 0.448948 -1.79579 -0 -0 -0 0 0 2.16e+06 0.112237 0.112237 -0.448948 -0 -0 -0 0 0 1.44e+06 0.0748246 0.0748246 -0.299298 -0 -0 -0 0 0 5.76e+06 0.299298 0.299298 -1.19719 -0 -0 -0 
-3.456e+07 -8.64e+06 0 -0 -0 -0 -17.9579 -0 -0 -8.64e+06 8.64e+06 0 -0 -0 -0 -4.48948 -0 -0 8.64e+06 5.76e+06 0 -0 -0 -0 -2.99298 -0 -0 3.456e+07 -5.76e+06 0 -0 -0 -0 -11.9719 -0 -0 -8.64e+06 -2.16e+06 0 -0 -0 -0 -4.48948 -0 -0 -2.16e+06 2.16e+06 0 -0 -0 -0 -1.12237 -0 -0 2.16e+06 1.44e+06 0 -0 -0 -0 -0.748246 -0 -0 8.64e+06 -1.44e+06 0 -0 -0 -0 -2.99298 -0 -0 
-8.64e+06 0 -8.64e+06 -0 -0 -0 -0 -17.9579 -0 -2.16e+06 0 8.64e+06 -0 -0 -0 -0 -4.48948 -0 -1.44e+06 0 5.76e+06 -0 -0 -0 -0 -2.99298 -0 -5.76e+06 0 -5.76e+06 -0 -0 -0 -0 -11.9719 -0 8.64e+06 0 -2.16e+06 -0 -0 -0 -0 -4.48948 -0 2.16e+06 0 2.16e+06 -0 -0 -0 -0 -1.12237 -0 1.44e+06 0 1.44e+06 -0 -0 -0 -0 -0.748246 -0 5.76e+06 0 -1.44e+06 -0 -0 -0 -0 -2.99298 -0 
0 -8.64e+06 -3.456e+07 -0 -0 -0 -0 -0 -17.9579 0 -2.16e+06 -8.64e+06 -0 -0 -0 -0 -0 -4.48948 0 -1.44e+06 8.64e+06 -0 -0 -0 -0 -0 -2.99298 0 -5.76e+06 3.456e+07 -0 -0 -0 -0 -0 -11.9719 0 8.64e+06 -8.64e+06 -0 -0 -0 -0 -0 -4.48948 0 2.16e+06 -2.16e+06 -0 -0 -0 -0 -0 -1.12237 0 1.44e+06 2.16e+06 -0 -0 -0 -0 -0 -0.748246 0 5.76e+06 8.64e+06 -0 -0 -0 -0 -0 -2.99298 
2.87326e+14 0 0 -8.64e+06 0 0 -8.64e+06 3.456e+07 0 7.18316e+13 0 0 -8.64e+06 0 0 -2.16e+06 8.64e+06 0 1.79579e+13 0 0 -2.16e+06 0 0 -2.16e+06 2.16e+06 0 7.18316e+13 0 0 -2.16e+06 0 0 -8.64e+06 8.64e+06 0 1.91551e+14 0 0 -5.76e+06 0 0 -5.76e+06 3.456e+07 0 4.78877e+13 0 0 -5.76e+06 0 0 -1.44e+06 8.64e+06 0 1.19719e+13 0 0 -1.44e+06 0 0 -1.44e+06 2.16e+06 0 4.78877e+13 0 0 -1.44e+06 0 0 -5.76e+06 8.64e+06 0 
0 2.87326e+14 0 0 -8.64e+06 0 -8.64e+06 0 3.456e+07 0 7.18316e+13 0 0 -2.16e+06 0 -8.64e+06 0 8.64e+06 0 1.79579e+13 0 0 -2.16e+06 0 -2.16e+06 0 2.16e+06 0 7.18316e+13 0 0 -8.64e+06 0 -2.16e+06 0 8.64e+06 0 1.91551e+14 0 0 -5.76e+06 0 -5.76e+06 0 3.456e+07 0 4.78877e+13 0 0 -1.44e+06 0 -5.76e+06 0 8.64e+06 0 1.19719e+13 0 0 -1.44e+06 0 -1.44e+06 0 2.16e+06 0 4.78877e+13 0 0 -5.76e+06 0 -1.44e+06 0 8.64e+06 
0 0 2.87326e+14 0 0 3.456e+07 0 -8.64e+06 -8.64e+06 0 0 7.18316e+13 0 0 8.64e+06 0 -8.64e+06 -2.16e+06 0 0 1.79579e+13 0 0 2.16e+06 0 -2.16e+06 -2.16e+06 0 0 7.18316e+13 0 0 8.64e+06 0 -2.16e+06 -8.64e+06 0 0 1.91551e+14 0 0 3.456e+07 0 -5.76e+06 -5.76e+06 0 0 4.78877e+13 0 0 8.64e+06 0 -5.76e+06 -1.44e+06 0 0 1.19719e+13 0 0 2.16e+06 0 -1.44e+06 -1.44e+06 0 0 4.78877e+13 0 0 8.64e+06 0 -1.44e+06 -5.76e+06 
-8.64e+06 0 0 -7.18316 1.79579 1.79579 -0 -0 -0 8.64e+06 0 0 -1.79579 0.448948 0.448948 -0 -0 -0 2.16e+06 0 0 -0.448948 0.112237 0.112237 -0 -0 -0 -2.16e+06 0 0 -1.79579 0.448948 0.448948 -0 -0 -0 -5.76e+06 0 0 -4.78877 1.19719 1.19719 -0 -0 -0 5.76e+06 0 0 -1.19719 0.299298 0.299298 -0 -0 -0 1.44e+06 0 0 -0.299298 0.0748246 0.0748246 -0 -0 -0 -1.44e+06 0 0 -1.19719 0.299298 0.299298 -0 -0 -0 
0 -8.64e+06 0 1.79579 -7.18316 1.79579 -0 -0 -0 0 -2.16e+06 0 0.448948 -1.79579 0.448948 -0 -0 -0 0 2.16e+06 0 0.112237 -0.448948 0.112237 -0 -0 -0 0 8.64e+06 0 0.448948 -1.79579 0.448948 -0 -0 -0 0 -5.76e+06 0 1.19719 -4.78877 1.19719 -0 -0 -0 0 -1.44e+06 0 0.299298 -1.19719 0.299298 -0 -0 -0 0 1.44e+06 0 0.0748246 -0.299298 0.0748246 -0 -0 -0 0 5.76e+06 0 0.299298 -1.19719 0.299298 -0 -0 -0 
0 0 -3.456e+07 1.79579 1.79579 -7.18316 -0 -0 -0 0 0 -8.64e+06 0.448948 0.448948 -1.79579 -0 -0 -0 0 0 -2.16e+06 0.112237 0.112237 -0.448948 -0 -0 -0 0 0 -8.64e+06 0.448948 0.448948 -1.79579 -0 -0 -0 0 0 3.456e+07 1.19719 1.19719 -4.78877 -0 -0 -0 0 0 8.64e+06 0.299298 0.299298 -1.19719 -0 -0 -0 0 0 2.16e+06 0.0748246 0.0748246 -0.299298 -0 -0 -0 0 0 8.64e+06 0.299298 0.299298 -1.19719 -0 -0 -0 
-8.64e+06 -8.64e+06 0 -0 -0 -0 -17.9579 -0 -0 -2.16e+06 8.64e+06 0 -0 -0 -0 -4.48948 -0 -0 2.16e+06 2.16e+06 0 -0 -0 -0 -1.12237 -0 -0 8.64e+06 -2.16e+06 0 -0 -0 -0 -4.48948 -0 -0 -5.76e+06 -5.76e+06 0 -0 -0 -0 -11.9719 -0 -0 -1.44e+06 5.76e+06 0 -0 -0 -0 -2.99298 -0 -0 1.44e+06 1.44e+06 0 -0 -0 -0 -0.748246 -0 -0 5.76e+06 -1.44e+06 0 -0 -0 -0 -2.99298 -0 -0 
-3.456e+07 0 -8.64e+06 -0 -0 -0 -0 -17.9579 -0 -8.64e+06 0 8.64e+06 -0 -0 -0 -0 -4.48948 -0 -2.16e+06 0 2.16e+06 -0 -0 -0 -0 -1.12237 -0 -8.64e+06 0 -2.16e+06 -0 -0 -0 -0 -4.48948 -0 3.456e+07 0 -5.76e+06 -0 -0 -0 -0 -11.9719 -0 8.64e+06 0 5.76e+06 -0 -0 -0 -0 -2.99298 -0 2.16e+06 0 1.44e+06 -0 -0 -0 -0 -0.748246 -0 8.64e+06 0 -1.44e+06 -0 -0 -0 -0 -2.99298 -0 
0 -3.456e+07 -8.64e+06 -0 -0 -0 -0 -0 -17.9579 0 -8.64e+06 -2.16e+06 -0 -0 -0 -0 -0 -4.48948 0 -2.16e+06 2.16e+06 -0 -0 -0 -0 -0 -1.12237 0 -8.64e+06 8.64e+06 -0 -0 -0 -0 -0 -4.48948 0 3.456e+07 -5.76e+06 -0 -0 -0 -0 -0 -11.9719 0 8.64e+06 -1.44e+06 -0 -0 -0 -0 -0 -2.99298 0 2.16e+06 1.44e+06 -0 -0 -0 -0 -0 -0.748246 0 8.64e+06 5.76e+06 -0 -0 -0 -0 -0 -2.99298 
7.18316e+13 0 0 8.64e+06 0 0 -2.16e+06 8.64e+06 0 4.78877e+13 0 0 8.64e+06 0 0 -1.44e+06 5.76e+06 0 1.19719e+13 0 0 2.16e+06 0 0 -1.44e+06 1.44e+06 0 1.79579e+13 0 0 2.16e+06 0 0 -2.16e+06 2.16e+06 0 4.78877e+13 0 0 5.76e+06 0 0 -1.44e+06 8.64e+06 0 3.19252e+13 0 0 5.76e+06 0 0 -960000 5.76e+06 0 7.98129e+12 0 0 1.44e+06 0 0 -960000 1.44e+06 0 1.19719e+13 0 0 1.44e+06 0 0 -1.44e+06 2.16e+06 0 
0 7.18316e+13 0 0 -2.16e+06 0 8.64e+06 0 8.64e+06 0 4.78877e+13 0 0 -1.44e+06 0 8.64e+06 0 5.76e+06 0 1.19719e+13 0 0 -1.44e+06 0 2.16e+06 0 1.44e+06 0 1.79579e+13 0 0 -2.16e+06 0 2.16e+06 0 2.16e+06 0 4.78877e+13 0 0 -1.44e+06 0 5.76e+06 0 8.64e+06 0 3.19252e+13 0 0 -960000 0 5.76e+06 0 5.76e+06 0 7.98129e+12 0 0 -960000 0 1.44e+06 0 1.44e+06 0 1.19719e+13 0 0 -1.44e+06 0 1.44e+06 0 2.16e+06 
0 0 7.18316e+13 0 0 8.64e+06 0 8.64e+06 -2.16e+06 0 0 4.78877e+13 0 0 5.76e+06 0 8.64e+06 -1.44e+06 0 0 1.19719e+13 0 0 1.44e+06 0 2.16e+06 -1.44e+06 0 0 1.79579e+13 0 0 2.16e+06 0 2.16e+06 -2.16e+06 0 0 4.78877e+13 0 0 8.64e+06 0 5.76e+06 -1.44e+06 0 0 3.19252e+13 0 0 5.76e+06 0 5.76e+06 -960000 0 0 7.98129e+12 0 0 1.44e+06 0 1.44e+06 -960000 0 0 1.19719e+13 0 0 2.16e+06 0 1.44e+06 -1.44e+06 
-8.64e+06 0 0 -1.79579 0.448948 0.448948 -0 -0 -0 8.64e+06 0 0 -1.19719 0.299298 0.299298 -0 -0 -0 2.16e+06 0 0 -0.299298 0.0748246 0.0748246 -0 -0 -0 -2.16e+06 0 0 -0.448948 0.112237 0.112237 -0 -0 -0 -5.76e+06 0 0 -1.19719 0.299298 0.299298 -0 -0 -0 5.76e+06 0 0 -0.798129 0.199532 0.199532 -0 -0 -0 1.44e+06 0 0 -0.199532 0.0498831 0.0498831 -0 -0 -0 -1.44e+06 0 0 -0.299298 0.0748246 0.0748246 -0 -0 -0 
0 -2.16e+06 0 0.448948 -1.79579 0.448948 -0 -0 -0 0 -1.44e+06 0 0.299298 -1.19719 0.299298 -0 -0 -0 0 1.44e+06 0 0.0748246 -0.299298 0.0748246 -0 -0 -0 0 2.16e+06 0 0.112237 -0.448948 0.112237 -0 -0 -0 0 -1.44e+06 0 0.299298 -1.19719 0.299298 -0 -0 -0 0 -960000 0 0.199532 -0.798129 0.199532 -0 -0 -0 0 960000 0 0.0498831 -0.199532 0.0498831 -0 -0 -0 0 1.44e+06 0 0.0748246 -0.299298 0.0748246 -0 -0 -0 
0 0 -8.64e+06 0.448948 0.448948 -1.79579 -0 -0 -0 0 0 -5.76e+06 0.299298 0.299298 -1.19719 -0 -0 -0 0 0 -1.44e+06 0.0748246 0.0748246 -0.299298 -0 -0 -0 0 0 -2.16e+06 0.112237 0.112237 -0.448948 -0 -0 -0 0 0 8.64e+06 0.299298 0.299298 -1.19719 -0 -0 -0 0 0 5.76e+06 0.199532 0.199532 -0.798129 -0 -0 -0 0 0 1.44e+06 0.0498831 0.0498831 -0.199532 -0 -0 -0 0 0 2.16e+06 0.0748246 0.0748246 -0.299298 -0 -0 -0 
-2.16e+06 -8.64e+06 0 -0 -0 -0 -4.48948 -0 -0 -1.44e+06 8.64e+06 0 -0 -0 -0 -2.99298 -0 -0 1.44e+06 2.16e+06 0 -0 -0 -0 -0.748246 -0 -0 2.16e+06 -2.16e+06 0 -0 -0 -0 -1.12237 -0 -0 -1.44e+06 -5.76e+06 0 -0 -0 -0 -2.99298 -0 -0 -960000 5.76e+06 0 -0 -0 -0 -1.99532 -0 -0 960000 1.44e+06 0 -0 -0 -0 -0.498831 -0 -0 1.44e+06 -1.44e+06 0 -0 -0 -0 -0.748246 -0 -0 
-8.64e+06 0 -8.64e+06 -0 -0 -0 -0 -4.48948 -0 -5.76e+06 0 8.64e+06 -0 -0 -0 -0 -2.99298 -0 -1.44e+06 0 2.16e+06 -0 -0 -0 -0 -0.748246 -0 -2.16e+06 0 -2.16e+06 -0 -0 -0 -0 -1.12237 -0 8.64e+06 0 -5.76e+06 -0 -0 -0 -0 -2.99298 -0 5.76e+06 0 5.76e+06 -0 -0 -0 -0 -1.99532 -0 1.44e+06 0 1.44e+06 -0 -0 -0 -0 -0.498831 -0 2.16e+06 0 -1.44e+06 -0 -0 -0 -0 -0.748246 -0 
0 -8.64e+06 -2.16e+06 -0 -0 -0 -0 -0 -4.48948 0 -5.76e+06 -1.44e+06 -0 -0 -0 -0 -0 -2.99298 0 -1.44e+06 1.44e+06 -0 -0 -0 -0 -0 -0.748246 0 -2.16e+06 2.16e+06 -0 -0 -0 -0 -0 -1.12237 0 8.64e+06 -1.44e+06 -0 -0 -0 -0 -0 -2.99298 0 5.76e+06 -960000 -0 -0 -0 -0 -0 -1.99532 0 1.44e+06 960000 -0 -0 -0 -0 -0 -0.498831 0 2.16e+06 1.44e+06 -0 -0 -0 -0 -0 -0.748246 
1.79579e+13 0 0 2.16e+06 0 0 2.16e+06 2.16e+06 0 1.19719e+13 0 0 2.16e+06 0 0 1.44e+06 1.44e+06 0 7.98129e+12 0 0 1.44e+06 0 0 1.44e+06 960000 0 1.19719e+13 0 0 1.44e+06 0 0 2.16e+06 1.44e+06 0 1.19719e+13 0 0 1.44e+06 0 0 1.44e+06 2.16e+06 0 7.98129e+12 0 0 1.44e+06 0 0 960000 1.44e+06 0 5.32086e+12 0 0 960000 0 0 960000 960000 0 7.98129e+12 0 0 960000 0 0 1.44e+06 1.44e+06 0 
0 1.79579e+13 0 0 2.16e+06 0 2.16e+06 0 2.16e+06 0 1.19719e+13 0 0 1.44e+06 0 2.16e+06 0 1.44e+06 0 7.98129e+12 0 0 1.44e+06 0 1.44e+06 0 960000 0 1.19719e+13 0 0 2.16e+06 0 1.44e+06 0 1.44e+06 0 1.19719e+13 0 0 1.44e+06 0 1.44e+06 0 2.16e+06 0 7.98129e+12 0 0 960000 0 1.44e+06 0 1.44e+06 0 5.32086e+12 0 0 960000 0 960000 0 960000 0 7.98129e+12 0 0 1.44e+06 0 960000 0 1.44e+06 
0 0 1.79579e+13 0 0 2.16e+06 0 2.16e+06 2.16e+06 0 0 1.19719e+13 0 0 1.44e+06 0 2.16e+06 1.44e+06 0 0 7.98129e+12 0 0 960000 0 1.44e+06 1.44e+06 0 0 1.19719e+13 0 0 1.44e+06 0 1.44e+06 2.16e+06 0 0 1.19719e+13 0 0 2.16e+06 0 1.44e+06 1.44e+06 0 0 7.98129e+12 0 0 1.44e+06 0 1.44e+06 960000 0 0 5.32086e+12 0 0 960000 0 960000 960000 0 0 7.98129e+12 0 0 1.44e+06 0 960000 1.44e+06 
-2.16e+06 0 0 -0.448948 0.112237 0.112237 -0 -0 -0 2.16e+06 0 0 -0.299298 0.0748246 0.0748246 -0 -0 -0 1.44e+06 0 0 -0.199532 0.0498831 0.0498831 -0 -0 -0 -1.44e+06 0 0 -0.299298 0.0748246 0.0748246 -0 -0 -0 -1.44e+06 0 0 -0.299298 0.0748246 0.0748246 -0 -0 -0 1.44e+06 0 0 -0.199532 0.0498831 0.0498831 -0 -0 -0 960000 0 0 -0.133021 0.0332554 0.0332554 -0 -0 -0 -960000 0 0 -0.199532 0.0498831 0.0498831 -0 -0 -0 
0 -2.16e+06 0 0.112237 -0.448948 0.112237 -0 -0 -0 0 -1.44e+06 0 0.0748246 -0.299298 0.0748246 -0 -0 -0 0 1.44e+06 0 0.0498831 -0.199532 0.0498831 -0 -0 -0 0 2.16e+06 0 0.0748246 -0.299298 0.0748246 -0 -0 -0 0 -1.44e+06 0 0.0748246 -0.299298 0.0748246 -0 -0 -0 0 -960000 0 0.0498831 -0.199532 0.0498831 -0 -0 -0 0 960000 0 0.0332554 -0.133021 0.0332554 -0 -0 -0 0 1.44e+06 0 0.0498831 -0.199532 0.0498831 -0 -0 -0 
0 0 -2.16e+06 0.112237 0.112237 -0.448948 -0 -0 -0 0 0 -1.44e+06 0.0748246 0.0748246 -0.299298 -0 -0 -0 0 0 -960000 0.0498831 0.0498831 -0.199532 -0 -0 -0 0 0 -1.44e+06 0.0748246 0.0748246 -0.299298 -0 -0 -0 0 0 2.16e+06 0.0748246 0.0748246 -0.299298 -0 -0 -0 0 0 1.44e+06 0.0498831 0.0498831 -0.199532 -0 -0 -0 0 0 960000 0.0332554 0.0332554 -0.133021 -0 -0 -0 0 0 1.44e+06 0.0498831 0.0498831 -0.199532 -0 -0 -0 
-2.16e+06 -2.16e+06 0 -0 -0 -0 -1.12237 -0 -0 -1.44e+06 2.16e+06 0 -0 -0 -0 -0.748246 -0 -0 1.44e+06 1.44e+06 0 -0 -0 -0 -0.498831 -0 -0 2.16e+06 -1.44e+06 0 -0 -0 -0 -0.748246 -0 -0 -1.44e+06 -1.44e+06 0 -0 -0 -0 -0.748246 -0 -0 -960000 1.44e+06 0 -0 -0 -0 -0.498831 -0 -0 960000 960000 0 -0 -0 -0 -0.332554 -0 -0 1.44e+06 -960000 0 -0 -0 -0 -0.498831 -0 -0 
-2.16e+06 0 -2.16e+06 -0 -0 -0 -0 -1.12237 -0 -1.44e+06 0 2.16e+06 -0 -0 -0 -0 -0.748246 -0 -960000 0 1.44e+06 -0 -0 -0 -0 -0.498831 -0 -1.44e+06 0 -1.44e+06 -0 -0 -0 -0 -0.748246 -0 2.16e+06 0 -1.44e+06 -0 -0 -0 -0 -0.748246 -0 1.44e+06 0 1.44e+06 -0 -0 -0 -0 -0.498831 -0 960000 0 960000 -0 -0 -0 -0 -0.332554 -0 1.44e+06 0 -960000 -0 -0 -0 -0 -0.498831 -0 
0 -2.16e+06 -2.16e+06 -0 -0 -0 -0 -0 -1.12237 0 -1.44e+06 -1.44e+06 -0 -0 -0 -0 -0 -0.748246 0 -960000 1.44e+06 -0 -0 -0 -0 -0 -0.498831 0 -1.44e+06 2.16e+06 -0 -0 -0 -0 -0 -0.748246 0 2.16e+06 -1.44e+06 -0 -0 -0 -0 -0 -0.748246 0 1.44e+06 -960000 -0 -0 -0 -0 -0 -0.498831 0 960000 960000 -0 -0 -0 -0 -0 -0.332554 0 1.44e+06 1.44e+06 -0 -0 -0 -0 -0 -0.498831 
7.18316e+13 0 0 -2.16e+06 0 0 8.64e+06 8.64e+06 0 1.79579e+13 0 0 -2.16e+06 0 0 2.16e+06 2.16e+06 0 1.19719e+13 0 0 -1.44e+06 0 0 2.16e+06 1.44e+06 0 4.78877e+13 0 0 -1.44e+06 0 0 8.64e+06 5.76e+06 0 4.78877e+13 0 0 -1.44e+06 0 0 5.76e+06 8.64e+06 0 1.19719e+13 0 0 -1.44e+06 0 0 1.44e+06 2.16e+06 0 7.98129e+12 0 0 -960000 0 0 1.44e+06 1.44e+06 0 3.19252e+13 0 0 -960000 0 0 5.76e+06 5.76e+06 0 
0 7.18316e+13 0 0 8.64e+06 0 -2.16e+06 0 8.64e+06 0 1.79579e+13 0 0 2.16e+06 0 -2.16e+06 0 2.16e+06 0 1.19719e+13 0 0 2.16e+06 0 -1.44e+06 0 1.44e+06 0 4.78877e+13 0 0 8.64e+06 0 -1.44e+06 0 5.76e+06 0 4.78877e+13 0 0 5.76e+06 0 -1.44e+06 0 8.64e+06 0 1.19719e+13 0 0 1.44e+06 0 -1.44e+06 0 2.16e+06 0 7.98129e+12 0 0 1.44e+06 0 -960000 0 1.44e+06 0 3.19252e+13 0 0 5.76e+06 0 -960000 0 5.76e+06 
0 0 7.18316e+13 0 0 8.64e+06 0 -2.16e+06 8.64e+06 0 0 1.79579e+13 0 0 2.16e+06 0 -2.16e+06 2.16e+06 0 0 1.19719e+13 0 0 1.44e+06 0 -1.44e+06 2.16e+06 0 0 4.78877e+13 0 0 5.76e+06 0 -1.44e+06 8.64e+06 0 0 4.78877e+13 0 0 8.64e+06 0 -1.44e+06 5.76e+06 0 0 1.19719e+13 0 0 2.16e+06 0 -1.44e+06 1.44e+06 0 0 7.98129e+12 0 0 1.44e+06 0 -960000 1.44e+06 0 0 3.19252e+13 0 0 5.76e+06 0 -960000 5.76e+06 
-2.16e+06 0 0 -1.79579 0.448948 0.448948 -0 -0 -0 2.16e+06 0 0 -0.448948 0.112237 0.112237 -0 -0 -0 1.44e+06 0 0 -0.299298 0.0748246 0.0748246 -0 -0 -0 -1.44e+06 0 0 -1.19719 0.299298 0.299298 -0 -0 -0 -1.44e+06 0 0 -1.19719 0.299298 0.299298 -0 -0 -0 1.44e+06 0 0 -0.299298 0.0748246 0.0748246 -0 -0 -0 960000 0 0 -0.199532 0.0498831 0.0498831 -0 -0 -0 -960000 0 0 -0.798129 0.199532 0.199532 -0 -0 -0 
0 -8.64e+06 0 0.448948 -1.79579 0.448948 -0 -0 -0 0 -2.16e+06 0 0.112237 -0.448948 0.112237 -0 -0 -0 0 2.16e+06 0 0.0748246 -0.299298 0.0748246 -0 -0 -0 0 8.64e+06 0 0.299298 -1.19719 0.299298 -0 -0 -0 0 -5.76e+06 0 0.299298 -1.19719 0.299298 -0 -0 -0 0 -1.44e+06 0 0.0748246 -0.299298 0.0748246 -0 -0 -0 0 1.44e+06 0 0.0498831 -0.199532 0.0498831 -0 -0 -0 0 5.76e+06 0 0.199532 -0.798129 0.199532 -0 -0 -0 
0 0 -8.64e+06 0.448948 0.448948 -1.79579 -0 -0 -0 0 0 -2.16e+06 0.112237 0.112237 -0.448948 -0 -0 -0 0 0 -1.44e+06 0.0748246 0.0748246 -0.299298 -0 -0 -0 0 0 -5.76e+06 0.299298 0.299298 -1.19719 -0 -0 -0 0 0 8.64e+06 0.299298 0.299298 -1.19719 -0 -0 -0 0 0 2.16e+06 0.0748246 0.0748246 -0.299298 -0 -0 -0 0 0 1.44e+06 0.0498831 0.0498831 -0.199532 -0 -0 -0 0 0 5.76e+06 0.199532 0.199532 -0.798129 -0 -0 -0 
-8.64e+06 -2.16e+06 0 -0 -0 -0 -4.48948 -0 -0 -2.16e+06 2.16e+06 0 -0 -0 -0 -1.12237 -0 -0 2.16e+06 1.44e+06 0 -0 -0 -0 -0.748246 -0 -0 8.64e+06 -1.44e+06 0 -0 -0 -0 -2.99298 -0 -0 -5.76e+06 -1.44e+06 0 -0 -0 -0 -2.99298 -0 -0 -1.44e+06 1.44e+06 0 -0 -0 -0 -0.748246 -0 -0 1.44e+06 960000 0 -0 -0 -0 -0.498831 -0 -0 5.76e+06 -960000 0 -0 -0 -0 -1.99532 -0 -0 
-8.64e+06 0 -2.16e+06 -0 -0 -0 -0 -4.48948 -0 -2.16e+06 0 2.16e+06 -0 -0 -0 -0 -1.12237 -0 -1.44e+06 0 1.44e+06 -0 -0 -0 -0 -0.748246 -0 -5.76e+06 0 -1.44e+06 -0 -0 -0 -0 -2.99298 -0 8.64e+06 0 -1.44e+06 -0 -0 -0 -0 -2.99298 -0 2.16e+06 0 1.44e+06 -0 -0 -0 -0 -0.748246 -0 1.44e+06 0 960000 -0 -0 -0 -0 -0.498831 -0 5.76e+06 0 -960000 -0 -0 -0 -0 -1.99532 -0 
0 -8.64e+06 -8.64e+06 -0 -0 -0 -0 -0 -4.48948 0 -2.16e+06 -2.16e+06 -0 -0 -0 -0 -0 -1.12237 0 -1.44e+06 2.16e+06 -0 -0 -0 -0 -0 -0.748246 0 -5.76e+06 8.64e+06 -0 -0 -0 -0 -0 -2.99298 0 8.64e+06 -5.76e+06 -0 -0 -0 -0 -0 -2.99298 0 2.16e+06 -1.44e+06 -0 -0 -0 -0 -0 -0.748246 0 1.44e+06 1.44e+06 -0 -0 -0 -0 -0 -0.498831 0 5.76e+06 5.76e+06 -0 -0 -0 -0 -0 -1.99532 
