5.66784e+12 0 0 -113623 0 0 -113623 -113623 0 1.47456e+12 0 0 -113623 0 0 -30137.7 -30137.7 0 3.8304e+11 0 0 -30137.7 0 0 -30137.7 -7967.43 0 1.47456e+12 0 0 -30137.7 0 0 -113623 -30137.7 0 1.47456e+12 0 0 -30137.7 0 0 -30137.7 -113623 0 3.8304e+11 0 0 -30137.7 0 0 -7967.43 -30137.7 0 9.936e+10 0 0 -7967.43 0 0 -7967.43 -7967.43 0 3.8304e+11 0 0 -7967.43 0 0 -30137.7 -30137.7 0 
0 5.66784e+12 0 0 -113623 0 -113623 0 -113623 0 1.47456e+12 0 0 -30137.7 0 -113623 0 -30137.7 0 3.8304e+11 0 0 -30137.7 0 -30137.7 0 -7967.43 0 1.47456e+12 0 0 -113623 0 -30137.7 0 -30137.7 0 1.47456e+12 0 0 -30137.7 0 -30137.7 0 -113623 0 3.8304e+11 0 0 -7967.43 0 -30137.7 0 -30137.7 0 9.936e+10 0 0 -7967.43 0 -7967.43 0 -7967.43 0 3.8304e+11 0 0 -30137.7 0 -7967.43 0 -30137.7 
0 0 5.66784e+12 0 0 -113623 0 -113623 -113623 0 0 1.47456e+12 0 0 -30137.7 0 -113623 -30137.7 0 0 3.8304e+11 0 0 -7967.43 0 -30137.7 -30137.7 0 0 1.47456e+12 0 0 -30137.7 0 -30137.7 -113623 0 0 1.47456e+12 0 0 -113623 0 -30137.7 -30137.7 0 0 3.8304e+11 0 0 -30137.7 0 -30137.7 -7967.43 0 0 9.936e+10 0 0 -7967.43 0 -7967.43 -7967.43 0 0 3.8304e+11 0 0 -30137.7 0 -7967.43 -30137.7 
-113623 0 0 -0.141696 0.035424 0.035424 -0 -0 -0 113623 0 0 -0.036864 0.009216 0.009216 -0 -0 -0 30137.7 0 0 -0.009576 0.002394 0.002394 -0 -0 -0 -30137.7 0 0 -0.036864 0.009216 0.009216 -0 -0 -0 -30137.7 0 0 -0.036864 0.009216 0.009216 -0 -0 -0 30137.7 0 0 -0.009576 0.002394 0.002394 -0 -0 -0 7967.43 0 0 -0.002484 0.000621 0.000621 -0 -0 -0 -7967.43 0 0 -0.009576 0.002394 0.002394 -0 -0 -0 
0 -113623 0 0.035424 -0.141696 0.035424 -0 -0 -0 0 -30137.7 0 0.009216 -0.036864 0.009216 -0 -0 -0 0 30137.7 0 0.002394 -0.009576 0.002394 -0 -0 -0 0 113623 0 0.009216 -0.036864 0.009216 -0 -0 -0 0 -30137.7 0 0.009216 -0.036864 0.009216 -0 -0 -0 0 -7967.43 0 0.002394 -0.009576 0.002394 -0 -0 -0 0 7967.43 0 0.000621 -0.002484 0.000621 -0 -0 -0 0 30137.7 0 0.002394 -0.009576 0.002394 -0 -0 -0 
0 0 -113623 0.035424 0.035424 -0.141696 -0 -0 -0 0 0 -30137.7 0.009216 0.009216 -0.036864 -0 -0 -0 0 0 -7967.43 0.002394 0.002394 -0.009576 -0 -0 -0 0 0 -30137.7 0.009216 0.009216 -0.036864 -0 -0 -0 0 0 113623 0.009216 0.009216 -0.036864 -0 -0 -0 0 0 30137.7 0.002394 0.002394 -0.009576 -0 -0 -0 0 0 7967.43 0.000621 0.000621 -0.002484 -0 -0 -0 0 0 30137.7 0.002394 0.002394 -0.009576 -0 -0 -0 
-113623 -113623 0 -0 -0 -0 -0.35424 -0 -0 -30137.7 113623 0 -0 -0 -0 -0.09216 -0 -0 30137.7 30137.7 0 -0 -0 -0 -0.02394 -0 -0 113623 -30137.7 0 -0 -0 -0 -0.09216 -0 -0 -30137.7 -30137.7 0 -0 -0 -0 -0.09216 -0 -0 -7967.43 30137.7 0 -0 -0 -0 -0.02394 -0 -0 7967.43 7967.43 0 -0 -0 -0 -0.00621 -0 -0 30137.7 -7967.43 0 -0 -0 -0 -0.02394 -0 -0 
-113623 0 -113623 -0 -0 -0 -0 -0.35424 -0 -30137.7 0 113623 -0 -0 -0 -0 -0.09216 -0 -7967.43 0 30137.7 -0 -0 -0 -0 -0.02394 -0 -30137.7 0 -30137.7 -0 -0 -0 -0 -0.09216 -0 113623 0 -30137.7 -0 -0 -0 -0 -0.09216 -0 30137.7 0 30137.7 -0 -0 -0 -0 -0.02394 -0 7967.43 0 7967.43 -0 -0 -0 -0 -0.00621 -0 30137.7 0 -7967.43 -0 -0 -0 -0 -0.02394 -0 
0 -113623 -113623 -0 -0 -0 -0 -0 -0.35424 0 -30137.7 -30137.7 -0 -0 -0 -0 -0 -0.09216 0 -7967.43 30137.7 -0 -0 -0 -0 -0 -0.02394 0 -30137.7 113623 -0 -0 -0 -0 -0 -0.09216 0 113623 -30137.7 -0 -0 -0 -0 -0 -0.09216 0 30137.7 -7967.43 -0 -0 -0 -0 -0 -0.02394 0 7967.43 7967.43 -0 -0 -0 -0 -0 -0.00621 0 30137.7 30137.7 -0 -0 -0 -0 -0 -0.02394 
1.47456e+12 0 0 113623 0 0 -30137.7 -30137.7 0 1.13664e+12 0 0 113623 0 0 -24710.6 -24710.6 0 2.9376e+11 0 0 30137.7 0 0 -24710.6 -6466.32 0 3.8304e+11 0 0 30137.7 0 0 -30137.7 -7967.43 0 3.8304e+11 0 0 30137.7 0 0 -7967.43 -30137.7 0 2.9376e+11 0 0 30137.7 0 0 -6466.32 -24710.6 0 7.584e+10 0 0 7967.43 0 0 -6466.32 -6466.32 0 9.936e+10 0 0 7967.43 0 0 -7967.43 -7967.43 0 
0 1.47456e+12 0 0 -30137.7 0 113623 0 -30137.7 0 1.13664e+12 0 0 -24710.6 0 113623 0 -24710.6 0 2.9376e+11 0 0 -24710.6 0 30137.7 0 -6466.32 0 3.8304e+11 0 0 -30137.7 0 30137.7 0 -7967.43 0 3.8304e+11 0 0 -7967.43 0 30137.7 0 -30137.7 0 2.9376e+11 0 0 -6466.32 0 30137.7 0 -24710.6 0 7.584e+10 0 0 -6466.32 0 7967.43 0 -6466.32 0 9.936e+10 0 0 -7967.43 0 7967.43 0 -7967.43 
0 0 1.47456e+12 0 0 -30137.7 0 113623 -30137.7 0 0 1.13664e+12 0 0 -24710.6 0 113623 -24710.6 0 0 2.9376e+11 0 0 -6466.32 0 30137.7 -24710.6 0 0 3.8304e+11 0 0 -7967.43 0 30137.7 -30137.7 0 0 3.8304e+11 0 0 -30137.7 0 30137.7 -7967.43 0 0 2.9376e+11 0 0 -24710.6 0 30137.7 -6466.32 0 0 7.584e+10 0 0 -6466.32 0 7967.43 -6466.32 0 0 9.936e+10 0 0 -7967.43 0 7967.43 -7967.43 
-113623 0 0 -0.036864 0.009216 0.009216 -0 -0 -0 113623 0 0 -0.028416 0.007104 0.007104 -0 -0 -0 30137.7 0 0 -0.007344 0.001836 0.001836 -0 -0 -0 -30137.7 0 0 -0.009576 0.002394 0.002394 -0 -0 -0 -30137.7 0 0 -0.009576 0.002394 0.002394 -0 -0 -0 30137.7 0 0 -0.007344 0.001836 0.001836 -0 -0 -0 7967.43 0 0 -0.001896 0.000474 0.000474 -0 -0 -0 -7967.43 0 0 -0.002484 0.000621 0.000621 -0 -0 -0 
0 -30137.7 0 0.009216 -0.036864 0.009216 -0 -0 -0 0 -24710.6 0 0.007104 -0.028416 0.007104 -0 -0 -0 0 24710.6 0 0.001836 -0.007344 0.001836 -0 -0 -0 0 30137.7 0 0.002394 -0.009576 0.002394 -0 -0 -0 0 -7967.43 0 0.002394 -0.009576 0.002394 -0 -0 -0 0 -6466.32 0 0.001836 -0.007344 0.001836 -0 -0 -0 0 6466.32 0 0.000474 -0.001896 0.000474 -0 -0 -0 0 7967.43 0 0.000621 -0.002484 0.000621 -0 -0 -0 
0 0 -30137.7 0.009216 0.009216 -0.036864 -0 -0 -0 0 0 -24710.6 0.007104 0.007104 -0.028416 -0 -0 -0 0 0 -6466.32 0.001836 0.001836 -0.007344 -0 -0 -0 0 0 -7967.43 0.002394 0.002394 -0.009576 -0 -0 -0 0 0 30137.7 0.002394 0.002394 -0.009576 -0 -0 -0 0 0 24710.6 0.001836 0.001836 -0.007344 -0 -0 -0 0 0 6466.32 0.000474 0.000474 -0.001896 -0 -0 -0 0 0 7967.43 0.000621 0.000621 -0.002484 -0 -0 -0 
-30137.7 -113623 0 -0 -0 -0 -0.09216 -0 -0 -24710.6 113623 0 -0 -0 -0 -0.07104 -0 -0 24710.6 30137.7 0 -0 -0 -0 -0.01836 -0 -0 30137.7 -30137.7 0 -0 -0 -0 -0.02394 -0 -0 -7967.43 -30137.7 0 -0 -0 -0 -0.02394 -0 -0 -6466.32 30137.7 0 -0 -0 -0 -0.01836 -0 -0 6466.32 7967.43 0 -0 -0 -0 -0.00474 -0 -0 7967.43 -7967.43 0 -0 -0 -0 -0.00621 -0 -0 
-30137.7 0 -113623 -0 -0 -0 -0 -0.09216 -0 -24710.6 0 113623 -0 -0 -0 -0 -0.07104 -0 -6466.32 0 30137.7 -0 -0 -0 -0 -0.01836 -0 -7967.43 0 -30137.7 -0 -0 -0 -0 -0.02394 -0 30137.7 0 -30137.7 -0 -0 -0 -0 -0.02394 -0 24710.6 0 30137.7 -0 -0 -0 -0 -0.01836 -0 6466.32 0 7967.43 -0 -0 -0 -0 -0.00474 -0 7967.43 0 -7967.43 -0 -0 -0 -0 -0.00621 -0 
0 -30137.7 -30137.7 -0 -0 -0 -0 -0 -0.09216 0 -24710.6 -24710.6 -0 -0 -0 -0 -0 -0.07104 0 -6466.32 24710.6 -0 -0 -0 -0 -0 -0.01836 0 -7967.43 30137.7 -0 -0 -0 -0 -0 -0.02394 0 30137.7 -7967.43 -0 -0 -0 -0 -0 -0.02394 0 24710.6 -6466.32 -0 -0 -0 -0 -0 -0.01836 0 6466.32 6466.32 -0 -0 -0 -0 -0 -0.00474 0 7967.43 7967.43 -0 -0 -0 -0 -0 -0.00621 
3.8304e+11 0 0 30137.7 0 0 30137.7 -7967.43 0 2.9376e+11 0 0 30137.7 0 0 24710.6 -6466.32 0 2.2144e+11 0 0 24710.6 0 0 24710.6 -5080.68 0 2.9376e+11 0 0 24710.6 0 0 30137.7 -6466.32 0 9.936e+10 0 0 7967.43 0 0 7967.43 -7967.43 0 7.584e+10 0 0 7967.43 0 0 6466.32 -6466.32 0 5.696e+10 0 0 6466.32 0 0 6466.32 -5080.68 0 7.584e+10 0 0 6466.32 0 0 7967.43 -6466.32 0 
0 3.8304e+11 0 0 30137.7 0 30137.7 0 -7967.43 0 2.9376e+11 0 0 24710.6 0 30137.7 0 -6466.32 0 2.2144e+11 0 0 24710.6 0 24710.6 0 -5080.68 0 2.9376e+11 0 0 30137.7 0 24710.6 0 -6466.32 0 9.936e+10 0 0 7967.43 0 7967.43 0 -7967.43 0 7.584e+10 0 0 6466.32 0 7967.43 0 -6466.32 0 5.696e+10 0 0 6466.32 0 6466.32 0 -5080.68 0 7.584e+10 0 0 7967.43 0 6466.32 0 -6466.32 
0 0 3.8304e+11 0 0 -7967.43 0 30137.7 30137.7 0 0 2.9376e+11 0 0 -6466.32 0 30137.7 24710.6 0 0 2.2144e+11 0 0 -5080.68 0 24710.6 24710.6 0 0 2.9376e+11 0 0 -6466.32 0 24710.6 30137.7 0 0 9.936e+10 0 0 -7967.43 0 7967.43 7967.43 0 0 7.584e+10 0 0 -6466.32 0 7967.43 6466.32 0 0 5.696e+10 0 0 -5080.68 0 6466.32 6466.32 0 0 7.584e+10 0 0 -6466.32 0 6466.32 7967.43 
-30137.7 0 0 -0.009576 0.002394 0.002394 -0 -0 -0 30137.7 0 0 -0.007344 0.001836 0.001836 -0 -0 -0 24710.6 0 0 -0.005536 0.001384 0.001384 -0 -0 -0 -24710.6 0 0 -0.007344 0.001836 0.001836 -0 -0 -0 -7967.43 0 0 -0.002484 0.000621 0.000621 -0 -0 -0 7967.43 0 0 -0.001896 0.000474 0.000474 -0 -0 -0 6466.32 0 0 -0.001424 0.000356 0.000356 -0 -0 -0 -6466.32 0 0 -0.001896 0.000474 0.000474 -0 -0 -0 
0 -30137.7 0 0.002394 -0.009576 0.002394 -0 -0 -0 0 -24710.6 0 0.001836 -0.007344 0.001836 -0 -0 -0 0 24710.6 0 0.001384 -0.005536 0.001384 -0 -0 -0 0 30137.7 0 0.001836 -0.007344 0.001836 -0 -0 -0 0 -7967.43 0 0.000621 -0.002484 0.000621 -0 -0 -0 0 -6466.32 0 0.000474 -0.001896 0.000474 -0 -0 -0 0 6466.32 0 0.000356 -0.001424 0.000356 -0 -0 -0 0 7967.43 0 0.000474 -0.001896 0.000474 -0 -0 -0 
0 0 -7967.43 0.002394 0.002394 -0.009576 -0 -0 -0 0 0 -6466.32 0.001836 0.001836 -0.007344 -0 -0 -0 0 0 -5080.68 0.001384 0.001384 -0.005536 -0 -0 -0 0 0 -6466.32 0.001836 0.001836 -0.007344 -0 -0 -0 0 0 7967.43 0.000621 0.000621 -0.002484 -0 -0 -0 0 0 6466.32 0.000474 0.000474 -0.001896 -0 -0 -0 0 0 5080.68 0.000356 0.000356 -0.001424 -0 -0 -0 0 0 6466.32 0.000474 0.000474 -0.001896 -0 -0 -0 
-30137.7 -30137.7 0 -0 -0 -0 -0.02394 -0 -0 -24710.6 30137.7 0 -0 -0 -0 -0.01836 -0 -0 24710.6 24710.6 0 -0 -0 -0 -0.01384 -0 -0 30137.7 -24710.6 0 -0 -0 -0 -0.01836 -0 -0 -7967.43 -7967.43 0 -0 -0 -0 -0.00621 -0 -0 -6466.32 7967.43 0 -0 -0 -0 -0.00474 -0 -0 6466.32 6466.32 0 -0 -0 -0 -0.00356 -0 -0 7967.43 -6466.32 0 -0 -0 -0 -0.00474 -0 -0 
-7967.43 0 -30137.7 -0 -0 -0 -0 -0.02394 -0 -6466.32 0 30137.7 -0 -0 -0 -0 -0.01836 -0 -5080.68 0 24710.6 -0 -0 -0 -0 -0.01384 -0 -6466.32 0 -24710.6 -0 -0 -0 -0 -0.01836 -0 7967.43 0 -7967.43 -0 -0 -0 -0 -0.00621 -0 6466.32 0 7967.43 -0 -0 -0 -0 -0.00474 -0 5080.68 0 6466.32 -0 -0 -0 -0 -0.00356 -0 6466.32 0 -6466.32 -0 -0 -0 -0 -0.00474 -0 
0 -7967.43 -30137.7 -0 -0 -0 -0 -0 -0.02394 0 -6466.32 -24710.6 -0 -0 -0 -0 -0 -0.01836 0 -5080.68 24710.6 -0 -0 -0 -0 -0 -0.01384 0 -6466.32 30137.7 -0 -0 -0 -0 -0 -0.01836 0 7967.43 -7967.43 -0 -0 -0 -0 -0 -0.00621 0 6466.32 -6466.32 -0 -0 -0 -0 -0 -0.00474 0 5080.68 6466.32 -0 -0 -0 -0 -0 -0.00356 0 6466.32 7967.43 -0 -0 -0 -0 -0 -0.00474 
1.47456e+12 0 0 -30137.7 0 0 113623 -30137.7 0 3.8304e+11 0 0 -30137.7 0 0 30137.7 -7967.43 0 2.9376e+11 0 0 -24710.6 0 0 30137.7 -6466.32 0 1.13664e+12 0 0 -24710.6 0 0 113623 -24710.6 0 3.8304e+11 0 0 -7967.43 0 0 30137.7 -30137.7 0 9.936e+10 0 0 -7967.43 0 0 7967.43 -7967.43 0 7.584e+10 0 0 -6466.32 0 0 7967.43 -6466.32 0 2.9376e+11 0 0 -6466.32 0 0 30137.7 -24710.6 0 
0 1.47456e+12 0 0 113623 0 -30137.7 0 -30137.7 0 3.8304e+11 0 0 30137.7 0 -30137.7 0 -7967.43 0 2.9376e+11 0 0 30137.7 0 -24710.6 0 -6466.32 0 1.13664e+12 0 0 113623 0 -24710.6 0 -24710.6 0 3.8304e+11 0 0 30137.7 0 -7967.43 0 -30137.7 0 9.936e+10 0 0 7967.43 0 -7967.43 0 -7967.43 0 7.584e+10 0 0 7967.43 0 -6466.32 0 -6466.32 0 2.9376e+11 0 0 30137.7 0 -6466.32 0 -24710.6 
0 0 1.47456e+12 0 0 -30137.7 0 -30137.7 113623 0 0 3.8304e+11 0 0 -7967.43 0 -30137.7 30137.7 0 0 2.9376e+11 0 0 -6466.32 0 -24710.6 30137.7 0 0 1.13664e+12 0 0 -24710.6 0 -24710.6 113623 0 0 3.8304e+11 0 0 -30137.7 0 -7967.43 30137.7 0 0 9.936e+10 0 0 -7967.43 0 -7967.43 7967.43 0 0 7.584e+10 0 0 -6466.32 0 -6466.32 7967.43 0 0 2.9376e+11 0 0 -24710.6 0 -6466.32 30137.7 
-30137.7 0 0 -0.036864 0.009216 0.009216 -0 -0 -0 30137.7 0 0 -0.009576 0.002394 0.002394 -0 -0 -0 24710.6 0 0 -0.007344 0.001836 0.001836 -0 -0 -0 -24710.6 0 0 -0.028416 0.007104 0.007104 -0 -0 -0 -7967.43 0 0 -0.009576 0.002394 0.002394 -0 -0 -0 7967.43 0 0 -0.002484 0.000621 0.000621 -0 -0 -0 6466.32 0 0 -0.001896 0.000474 0.000474 -0 -0 -0 -6466.32 0 0 -0.007344 0.001836 0.001836 -0 -0 -0 
0 -113623 0 0.009216 -0.036864 0.009216 -0 -0 -0 0 -30137.7 0 0.002394 -0.009576 0.002394 -0 -0 -0 0 30137.7 0 0.001836 -0.007344 0.001836 -0 -0 -0 0 113623 0 0.007104 -0.028416 0.007104 -0 -0 -0 0 -30137.7 0 0.002394 -0.009576 0.002394 -0 -0 -0 0 -7967.43 0 0.000621 -0.002484 0.000621 -0 -0 -0 0 7967.43 0 0.000474 -0.001896 0.000474 -0 -0 -0 0 30137.7 0 0.001836 -0.007344 0.001836 -0 -0 -0 
0 0 -30137.7 0.009216 0.009216 -0.036864 -0 -0 -0 0 0 -7967.43 0.002394 0.002394 -0.009576 -0 -0 -0 0 0 -6466.32 0.001836 0.001836 -0.007344 -0 -0 -0 0 0 -24710.6 0.007104 0.007104 -0.028416 -0 -0 -0 0 0 30137.7 0.002394 0.002394 -0.009576 -0 -0 -0 0 0 7967.43 0.000621 0.000621 -0.002484 -0 -0 -0 0 0 6466.32 0.000474 0.000474 -0.001896 -0 -0 -0 0 0 24710.6 0.001836 0.001836 -0.007344 -0 -0 -0 
-113623 -30137.7 0 -0 -0 -0 -0.09216 -0 -0 -30137.7 30137.7 0 -0 -0 -0 -0.02394 -0 -0 30137.7 24710.6 0 -0 -0 -0 -0.01836 -0 -0 113623 -24710.6 0 -0 -0 -0 -0.07104 -0 -0 -30137.7 -7967.43 0 -0 -0 -0 -0.02394 -0 -0 -7967.43 7967.43 0 -0 -0 -0 -0.00621 -0 -0 7967.43 6466.32 0 -0 -0 -0 -0.00474 -0 -0 30137.7 -6466.32 0 -0 -0 -0 -0.01836 -0 -0 
-30137.7 0 -30137.7 -0 -0 -0 -0 -0.09216 -0 -7967.43 0 30137.7 -0 -0 -0 -0 -0.02394 -0 -6466.32 0 24710.6 -0 -0 -0 -0 -0.01836 -0 -24710.6 0 -24710.6 -0 -0 -0 -0 -0.07104 -0 30137.7 0 -7967.43 -0 -0 -0 -0 -0.02394 -0 7967.43 0 7967.43 -0 -0 -0 -0 -0.00621 -0 6466.32 0 6466.32 -0 -0 -0 -0 -0.00474 -0 24710.6 0 -6466.32 -0 -0 -0 -0 -0.01836 -0 
0 -30137.7 -113623 -0 -0 -0 -0 -0 -0.09216 0 -7967.43 -30137.7 -0 -0 -0 -0 -0 -0.02394 0 -6466.32 30137.7 -0 -0 -0 -0 -0 -0.01836 0 -24710.6 113623 -0 -0 -0 -0 -0 -0.07104 0 30137.7 -30137.7 -0 -0 -0 -0 -0 -0.02394 0 7967.43 -7967.43 -0 -0 -0 -0 -0 -0.00621 0 6466.32 7967.43 -0 -0 -0 -0 -0 -0.00474 0 24710.6 30137.7 -0 -0 -0 -0 -0 -0.01836 
1.47456e+12 0 0 -30137.7 0 0 -30137.7 113623 0 3.8304e+11 0 0 -30137.7 0 0 -7967.43 30137.7 0 9.936e+10 0 0 -7967.43 0 0 -7967.43 7967.43 0 3.8304e+11 0 0 -7967.43 0 0 -30137.7 30137.7 0 1.13664e+12 0 0 -24710.6 0 0 -24710.6 113623 0 2.9376e+11 0 0 -24710.6 0 0 -6466.32 30137.7 0 7.584e+10 0 0 -6466.32 0 0 -6466.32 7967.43 0 2.9376e+11 0 0 -6466.32 0 0 -24710.6 30137.7 0 
0 1.47456e+12 0 0 -30137.7 0 -30137.7 0 113623 0 3.8304e+11 0 0 -7967.43 0 -30137.7 0 30137.7 0 9.936e+10 0 0 -7967.43 0 -7967.43 0 7967.43 0 3.8304e+11 0 0 -30137.7 0 -7967.43 0 30137.7 0 1.13664e+12 0 0 -24710.6 0 -24710.6 0 113623 0 2.9376e+11 0 0 -6466.32 0 -24710.6 0 30137.7 0 7.584e+10 0 0 -6466.32 0 -6466.32 0 7967.43 0 2.9376e+11 0 0 -24710.6 0 -6466.32 0 30137.7 
0 0 1.47456e+12 0 0 113623 0 -30137.7 -30137.7 0 0 3.8304e+11 0 0 30137.7 0 -30137.7 -7967.43 0 0 9.936e+10 0 0 7967.43 0 -7967.43 -7967.43 0 0 3.8304e+11 0 0 30137.7 0 -7967.43 -30137.7 0 0 1.13664e+12 0 0 113623 0 -24710.6 -24710.6 0 0 2.9376e+11 0 0 30137.7 0 -24710.6 -6466.32 0 0 7.584e+10 0 0 7967.43 0 -6466.32 -6466.32 0 0 2.9376e+11 0 0 30137.7 0 -6466.32 -24710.6 
-30137.7 0 0 -0.036864 0.009216 0.009216 -0 -0 -0 30137.7 0 0 -0.009576 0.002394 0.002394 -0 -0 -0 7967.43 0 0 -0.002484 0.000621 0.000621 -0 -0 -0 -7967.43 0 0 -0.009576 0.002394 0.002394 -0 -0 -0 -24710.6 0 0 -0.028416 0.007104 0.007104 -0 -0 -0 24710.6 0 0 -0.007344 0.001836 0.001836 -0 -0 -0 6466.32 0 0 -0.001896 0.000474 0.000474 -0 -0 -0 -6466.32 0 0 -0.007344 0.001836 0.001836 -0 -0 -0 
0 -30137.7 0 0.009216 -0.036864 0.009216 -0 -0 -0 0 -7967.43 0 0.002394 -0.009576 0.002394 -0 -0 -0 0 7967.43 0 0.000621 -0.002484 0.000621 -0 -0 -0 0 30137.7 0 0.002394 -0.009576 0.002394 -0 -0 -0 0 -24710.6 0 0.007104 -0.028416 0.007104 -0 -0 -0 0 -6466.32 0 0.001836 -0.007344 0.001836 -0 -0 -0 0 6466.32 0 0.000474 -0.001896 0.000474 -0 -0 -0 0 24710.6 0 0.001836 -0.007344 0.001836 -0 -0 -0 
0 0 -113623 0.009216 0.009216 -0.036864 -0 -0 -0 0 0 -30137.7 0.002394 0.002394 -0.009576 -0 -0 -0 0 0 -7967.43 0.000621 0.000621 -0.002484 -0 -0 -0 0 0 -30137.7 0.002394 0.002394 -0.009576 -0 -0 -0 0 0 113623 0.007104 0.007104 -0.028416 -0 -0 -0 0 0 30137.7 0.001836 0.001836 -0.007344 -0 -0 -0 0 0 7967.43 0.000474 0.000474 -0.001896 -0 -0 -0 0 0 30137.7 0.001836 0.001836 -0.007344 -0 -0 -0 
-30137.7 -30137.7 0 -0 -0 -0 -0.09216 -0 -0 -7967.43 30137.7 0 -0 -0 -0 -0.02394 -0 -0 7967.43 7967.43 0 -0 -0 -0 -0.00621 -0 -0 30137.7 -7967.43 0 -0 -0 -0 -0.02394 -0 -0 -24710.6 -24710.6 0 -0 -0 -0 -0.07104 -0 -0 -6466.32 24710.6 0 -0 -0 -0 -0.01836 -0 -0 6466.32 6466.32 0 -0 -0 -0 -0.00474 -0 -0 24710.6 -6466.32 0 -0 -0 -0 -0.01836 -0 -0 
-113623 0 -30137.7 -0 -0 -0 -0 -0.09216 -0 -30137.7 0 30137.7 -0 -0 -0 -0 -0.02394 -0 -7967.43 0 7967.43 -0 -0 -0 -0 -0.00621 -0 -30137.7 0 -7967.43 -0 -0 -0 -0 -0.02394 -0 113623 0 -24710.6 -0 -0 -0 -0 -0.07104 -0 30137.7 0 24710.6 -0 -0 -0 -0 -0.01836 -0 7967.43 0 6466.32 -0 -0 -0 -0 -0.00474 -0 30137.7 0 -6466.32 -0 -0 -0 -0 -0.01836 -0 
0 -113623 -30137.7 -0 -0 -0 -0 -0 -0.09216 0 -30137.7 -7967.43 -0 -0 -0 -0 -0 -0.02394 0 -7967.43 7967.43 -0 -0 -0 -0 -0 -0.00621 0 -30137.7 30137.7 -0 -0 -0 -0 -0 -0.02394 0 113623 -24710.6 -0 -0 -0 -0 -0 -0.07104 0 30137.7 -6466.32 -0 -0 -0 -0 -0 -0.01836 0 7967.43 6466.32 -0 -0 -0 -0 -0 -0.00474 0 30137.7 24710.6 -0 -0 -0 -0 -0 -0.01836 
3.8304e+11 0 0 30137.7 0 0 -7967.43 30137.7 0 2.9376e+11 0 0 30137.7 0 0 -6466.32 24710.6 0 7.584e+10 0 0 7967.43 0 0 -6466.32 6466.32 0 9.936e+10 0 0 7967.43 0 0 -7967.43 7967.43 0 2.9376e+11 0 0 24710.6 0 0 -6466.32 30137.7 0 2.2144e+11 0 0 24710.6 0 0 -5080.68 24710.6 0 5.696e+10 0 0 6466.32 0 0 -5080.68 6466.32 0 7.584e+10 0 0 6466.32 0 0 -6466.32 7967.43 0 
0 3.8304e+11 0 0 -7967.43 0 30137.7 0 30137.7 0 2.9376e+11 0 0 -6466.32 0 30137.7 0 24710.6 0 7.584e+10 0 0 -6466.32 0 7967.43 0 6466.32 0 9.936e+10 0 0 -7967.43 0 7967.43 0 7967.43 0 2.9376e+11 0 0 -6466.32 0 24710.6 0 30137.7 0 2.2144e+11 0 0 -5080.68 0 24710.6 0 24710.6 0 5.696e+10 0 0 -5080.68 0 6466.32 0 6466.32 0 7.584e+10 0 0 -6466.32 0 6466.32 0 7967.43 
0 0 3.8304e+11 0 0 30137.7 0 30137.7 -7967.43 0 0 2.9376e+11 0 0 24710.6 0 30137.7 -6466.32 0 0 7.584e+10 0 0 6466.32 0 7967.43 -6466.32 0 0 9.936e+10 0 0 7967.43 0 7967.43 -7967.43 0 0 2.9376e+11 0 0 30137.7 0 24710.6 -6466.32 0 0 2.2144e+11 0 0 24710.6 0 24710.6 -5080.68 0 0 5.696e+10 0 0 6466.32 0 6466.32 -5080.68 0 0 7.584e+10 0 0 7967.43 0 6466.32 -6466.32 
-30137.7 0 0 -0.009576 0.002394 0.002394 -0 -0 -0 30137.7 0 0 -0.007344 0.001836 0.001836 -0 -0 -0 7967.43 0 0 -0.001896 0.000474 0.000474 -0 -0 -0 -7967.43 0 0 -0.002484 0.000621 0.000621 -0 -0 -0 -24710.6 0 0 -0.007344 0.001836 0.001836 -0 -0 -0 24710.6 0 0 -0.005536 0.001384 0.001384 -0 -0 -0 6466.32 0 0 -0.001424 0.000356 0.000356 -0 -0 -0 -6466.32 0 0 -0.001896 0.000474 0.000474 -0 -0 -0 
0 -7967.43 0 0.002394 -0.009576 0.002394 -0 -0 -0 0 -6466.32 0 0.001836 -0.007344 0.001836 -0 -0 -0 0 6466.32 0 0.000474 -0.001896 0.000474 -0 -0 -0 0 7967.43 0 0.000621 -0.002484 0.000621 -0 -0 -0 0 -6466.32 0 0.001836 -0.007344 0.001836 -0 -0 -0 0 -5080.68 0 0.001384 -0.005536 0.001384 -0 -0 -0 0 5080.68 0 0.000356 -0.001424 0.000356 -0 -0 -0 0 6466.32 0 0.000474 -0.001896 0.000474 -0 -0 -0 
0 0 -30137.7 0.002394 0.002394 -0.009576 -0 -0 -0 0 0 -24710.6 0.001836 0.001836 -0.007344 -0 -0 -0 0 0 -6466.32 0.000474 0.000474 -0.001896 -0 -0 -0 0 0 -7967.43 0.000621 0.000621 -0.002484 -0 -0 -0 0 0 30137.7 0.001836 0.001836 -0.007344 -0 -0 -0 0 0 24710.6 0.001384 0.001384 -0.005536 -0 -0 -0 0 0 6466.32 0.000356 0.000356 -0.001424 -0 -0 -0 0 0 7967.43 0.000474 0.000474 -0.001896 -0 -0 -0 
-7967.43 -30137.7 0 -0 -0 -0 -0.02394 -0 -0 -6466.32 30137.7 0 -0 -0 -0 -0.01836 -0 -0 6466.32 7967.43 0 -0 -0 -0 -0.00474 -0 -0 7967.43 -7967.43 0 -0 -0 -0 -0.00621 -0 -0 -6466.32 -24710.6 0 -0 -0 -0 -0.01836 -0 -0 -5080.68 24710.6 0 -0 -0 -0 -0.01384 -0 -0 5080.68 6466.32 0 -0 -0 -0 -0.00356 -0 -0 6466.32 -6466.32 0 -0 -0 -0 -0.00474 -0 -0 
-30137.7 0 -30137.7 -0 -0 -0 -0 -0.02394 -0 -24710.6 0 30137.7 -0 -0 -0 -0 -0.01836 -0 -6466.32 0 7967.43 -0 -0 -0 -0 -0.00474 -0 -7967.43 0 -7967.43 -0 -0 -0 -0 -0.00621 -0 30137.7 0 -24710.6 -0 -0 -0 -0 -0.01836 -0 24710.6 0 24710.6 -0 -0 -0 -0 -0.01384 -0 6466.32 0 6466.32 -0 -0 -0 -0 -0.00356 -0 7967.43 0 -6466.32 -0 -0 -0 -0 -0.00474 -0 
0 -30137.7 -7967.43 -0 -0 -0 -0 -0 -0.02394 0 -24710.6 -6466.32 -0 -0 -0 -0 -0 -0.01836 0 -6466.32 6466.32 -0 -0 -0 -0 -0 -0.00474 0 -7967.43 7967.43 -0 -0 -0 -0 -0 -0.00621 0 30137.7 -6466.32 -0 -0 -0 -0 -0 -0.01836 0 24710.6 -5080.68 -0 -0 -0 -0 -0 -0.01384 0 6466.32 5080.68 -0 -0 -0 -0 -0 -0.00356 0 7967.43 6466.32 -0 -0 -0 -0 -0 -0.00474 
9.936e+10 0 0 7967.43 0 0 7967.43 7967.43 0 7.584e+10 0 0 7967.43 0 0 6466.32 6466.32 0 5.696e+10 0 0 6466.32 0 0 6466.32 5080.68 0 7.584e+10 0 0 6466.32 0 0 7967.43 6466.32 0 7.584e+10 0 0 6466.32 0 0 6466.32 7967.43 0 5.696e+10 0 0 6466.32 0 0 5080.68 6466.32 0 4.224e+10 0 0 5080.68 0 0 5080.68 5080.68 0 5.696e+10 0 0 5080.68 0 0 6466.32 6466.32 0 
0 9.936e+10 0 0 7967.43 0 7967.43 0 7967.43 0 7.584e+10 0 0 6466.32 0 7967.43 0 6466.32 0 5.696e+10 0 0 6466.32 0 6466.32 0 5080.68 0 7.584e+10 0 0 7967.43 0 6466.32 0 6466.32 0 7.584e+10 0 0 6466.32 0 6466.32 0 7967.43 0 5.696e+10 0 0 5080.68 0 6466.32 0 6466.32 0 4.224e+10 0 0 5080.68 0 5080.68 0 5080.68 0 5.696e+10 0 0 6466.32 0 5080.68 0 6466.32 
0 0 9.936e+10 0 0 7967.43 0 7967.43 7967.43 0 0 7.584e+10 0 0 6466.32 0 7967.43 6466.32 0 0 5.696e+10 0 0 5080.68 0 6466.32 6466.32 0 0 7.584e+10 0 0 6466.32 0 6466.32 7967.43 0 0 7.584e+10 0 0 7967.43 0 6466.32 6466.32 0 0 5.696e+10 0 0 6466.32 0 6466.32 5080.68 0 0 4.224e+10 0 0 5080.68 0 5080.68 5080.68 0 0 5.696e+10 0 0 6466.32 0 5080.68 6466.32 
-7967.43 0 0 -0.002484 0.000621 0.000621 -0 -0 -0 7967.43 0 0 -0.001896 0.000474 0.000474 -0 -0 -0 6466.32 0 0 -0.001424 0.000356 0.000356 -0 -0 -0 -6466.32 0 0 -0.001896 0.000474 0.000474 -0 -0 -0 -6466.32 0 0 -0.001896 0.000474 0.000474 -0 -0 -0 6466.32 0 0 -0.001424 0.000356 0.000356 -0 -0 -0 5080.68 0 0 -0.001056 0.000264 0.000264 -0 -0 -0 -5080.68 0 0 -0.001424 0.000356 0.000356 -0 -0 -0 
0 -7967.43 0 0.000621 -0.002484 0.000621 -0 -0 -0 0 -6466.32 0 0.000474 -0.001896 0.000474 -0 -0 -0 0 6466.32 0 0.000356 -0.001424 0.000356 -0 -0 -0 0 7967.43 0 0.000474 -0.001896 0.000474 -0 -0 -0 0 -6466.32 0 0.000474 -0.001896 0.000474 -0 -0 -0 0 -5080.68 0 0.000356 -0.001424 0.000356 -0 -0 -0 0 5080.68 0 0.000264 -0.001056 0.000264 -0 -0 -0 0 6466.32 0 0.000356 -0.001424 0.000356 -0 -0 -0 
0 0 -7967.43 0.000621 0.000621 -0.002484 -0 -0 -0 0 0 -6466.32 0.000474 0.000474 -0.001896 -0 -0 -0 0 0 -5080.68 0.000356 0.000356 -0.001424 -0 -0 -0 0 0 -6466.32 0.000474 0.000474 -0.001896 -0 -0 -0 0 0 7967.43 0.000474 0.000474 -0.001896 -0 -0 -0 0 0 6466.32 0.000356 0.000356 -0.001424 -0 -0 -0 0 0 5080.68 0.000264 0.000264 -0.001056 -0 -0 -0 0 0 6466.32 0.000356 0.000356 -0.001424 -0 -0 -0 
-7967.43 -7967.43 0 -0 -0 -0 -0.00621 -0 -0 -6466.32 7967.43 0 -0 -0 -0 -0.00474 -0 -0 6466.32 6466.32 0 -0 -0 -0 -0.00356 -0 -0 7967.43 -6466.32 0 -0 -0 -0 -0.00474 -0 -0 -6466.32 -6466.32 0 -0 -0 -0 -0.00474 -0 -0 -5080.68 6466.32 0 -0 -0 -0 -0.00356 -0 -0 5080.68 5080.68 0 -0 -0 -0 -0.00264 -0 -0 6466.32 -5080.68 0 -0 -0 -0 -0.00356 -0 -0 
-7967.43 0 -7967.43 -0 -0 -0 -0 -0.00621 -0 -6466.32 0 7967.43 -0 -0 -0 -0 -0.00474 -0 -5080.68 0 6466.32 -0 -0 -0 -0 -0.00356 -0 -6466.32 0 -6466.32 -0 -0 -0 -0 -0.00474 -0 7967.43 0 -6466.32 -0 -0 -0 -0 -0.00474 -0 6466.32 0 6466.32 -0 -0 -0 -0 -0.00356 -0 5080.68 0 5080.68 -0 -0 -0 -0 -0.00264 -0 6466.32 0 -5080.68 -0 -0 -0 -0 -0.00356 -0 
0 -7967.43 -7967.43 -0 -0 -0 -0 -0 -0.00621 0 -6466.32 -6466.32 -0 -0 -0 -0 -0 -0.00474 0 -5080.68 6466.32 -0 -0 -0 -0 -0 -0.00356 0 -6466.32 7967.43 -0 -0 -0 -0 -0 -0.00474 0 7967.43 -6466.32 -0 -0 -0 -0 -0 -0.00474 0 6466.32 -5080.68 -0 -0 -0 -0 -0 -0.00356 0 5080.68 5080.68 -0 -0 -0 -0 -0 -0.00264 0 6466.32 6466.32 -0 -0 -0 -0 -0 -0.00356 
3.8304e+11 0 0 -7967.43 0 0 30137.7 30137.7 0 9.936e+10 0 0 -7967.43 0 0 7967.43 7967.43 0 7.584e+10 0 0 -6466.32 0 0 7967.43 6466.32 0 2.9376e+11 0 0 -6466.32 0 0 30137.7 24710.6 0 2.9376e+11 0 0 -6466.32 0 0 24710.6 30137.7 0 7.584e+10 0 0 -6466.32 0 0 6466.32 7967.43 0 5.696e+10 0 0 -5080.68 0 0 6466.32 6466.32 0 2.2144e+11 0 0 -5080.68 0 0 24710.6 24710.6 0 
0 3.8304e+11 0 0 30137.7 0 -7967.43 0 30137.7 0 9.936e+10 0 0 7967.43 0 -7967.43 0 7967.43 0 7.584e+10 0 0 7967.43 0 -6466.32 0 6466.32 0 2.9376e+11 0 0 30137.7 0 -6466.32 0 24710.6 0 2.9376e+11 0 0 24710.6 0 -6466.32 0 30137.7 0 7.584e+10 0 0 6466.32 0 -6466.32 0 7967.43 0 5.696e+10 0 0 6466.32 0 -5080.68 0 6466.32 0 2.2144e+11 0 0 24710.6 0 -5080.68 0 24710.6 
0 0 3.8304e+11 0 0 30137.7 0 -7967.43 30137.7 0 0 9.936e+10 0 0 7967.43 0 -7967.43 7967.43 0 0 7.584e+10 0 0 6466.32 0 -6466.32 7967.43 0 0 2.9376e+11 0 0 24710.6 0 -6466.32 30137.7 0 0 2.9376e+11 0 0 30137.7 0 -6466.32 24710.6 0 0 7.584e+10 0 0 7967.43 0 -6466.32 6466.32 0 0 5.696e+10 0 0 6466.32 0 -5080.68 6466.32 0 0 2.2144e+11 0 0 24710.6 0 -5080.68 24710.6 
-7967.43 0 0 -0.009576 0.002394 0.002394 -0 -0 -0 7967.43 0 0 -0.002484 0.000621 0.000621 -0 -0 -0 6466.32 0 0 -0.001896 0.000474 0.000474 -0 -0 -0 -6466.32 0 0 -0.007344 0.001836 0.001836 -0 -0 -0 -6466.32 0 0 -0.007344 0.001836 0.001836 -0 -0 -0 6466.32 0 0 -0.001896 0.000474 0.000474 -0 -0 -0 5080.68 0 0 -0.001424 0.000356 0.000356 -0 -0 -0 -5080.68 0 0 -0.005536 0.001384 0.001384 -0 -0 -0 
0 -30137.7 0 0.002394 -0.009576 0.002394 -0 -0 -0 0 -7967.43 0 0.000621 -0.002484 0.000621 -0 -0 -0 0 7967.43 0 0.000474 -0.001896 0.000474 -0 -0 -0 0 30137.7 0 0.001836 -0.007344 0.001836 -0 -0 -0 0 -24710.6 0 0.001836 -0.007344 0.001836 -0 -0 -0 0 -6466.32 0 0.000474 -0.001896 0.000474 -0 -0 -0 0 6466.32 0 0.000356 -0.001424 0.000356 -0 -0 -0 0 24710.6 0 0.001384 -0.005536 0.001384 -0 -0 -0 
0 0 -30137.7 0.002394 0.002394 -0.009576 -0 -0 -0 0 0 -7967.43 0.000621 0.000621 -0.002484 -0 -0 -0 0 0 -6466.32 0.000474 0.000474 -0.001896 -0 -0 -0 0 0 -24710.6 0.001836 0.001836 -0.007344 -0 -0 -0 0 0 30137.7 0.001836 0.001836 -0.007344 -0 -0 -0 0 0 7967.43 0.000474 0.000474 -0.001896 -0 -0 -0 0 0 6466.32 0.000356 0.000356 -0.001424 -0 -0 -0 0 0 24710.6 0.001384 0.001384 -0.005536 -0 -0 -0 
-30137.7 -7967.43 0 -0 -0 -0 -0.02394 -0 -0 -7967.43 7967.43 0 -0 -0 -0 -0.00621 -0 -0 7967.43 6466.32 0 -0 -0 -0 -0.00474 -0 -0 30137.7 -6466.32 0 -0 -0 -0 -0.01836 -0 -0 -24710.6 -6466.32 0 -0 -0 -0 -0.01836 -0 -0 -6466.32 6466.32 0 -0 -0 -0 -0.00474 -0 -0 6466.32 5080.68 0 -0 -0 -0 -0.00356 -0 -0 24710.6 -5080.68 0 -0 -0 -0 -0.01384 -0 -0 
-30137.7 0 -7967.43 -0 -0 -0 -0 -0.02394 -0 -7967.43 0 7967.43 -0 -0 -0 -0 -0.00621 -0 -6466.32 0 6466.32 -0 -0 -0 -0 -0.00474 -0 -24710.6 0 -6466.32 -0 -0 -0 -0 -0.01836 -0 30137.7 0 -6466.32 -0 -0 -0 -0 -0.01836 -0 7967.43 0 6466.32 -0 -0 -0 -0 -0.00474 -0 6466.32 0 5080.68 -0 -0 -0 -0 -0.00356 -0 24710.6 0 -5080.68 -0 -0 -0 -0 -0.01384 -0 
0 -30137.7 -30137.7 -0 -0 -0 -0 -0 -0.02394 0 -7967.43 -7967.43 -0 -0 -0 -0 -0 -0.00621 0 -6466.32 7967.43 -0 -0 -0 -0 -0 -0.00474 0 -24710.6 30137.7 -0 -0 -0 -0 -0 -0.01836 0 30137.7 -24710.6 -0 -0 -0 -0 -0 -0.01836 0 7967.43 -6466.32 -0 -0 -0 -0 -0 -0.00474 0 6466.32 6466.32 -0 -0 -0 -0 -0 -0.00356 0 24710.6 24710.6 -0 -0 -0 -0 -0 -0.01384 
