5.10526e+06 0 0 0 0 0 0 0 0 1.43196e+06 0 0 0 0 0 0 0 0 401648 0 0 0 0 0 0 0 0 1.43196e+06 0 0 0 0 0 0 0 0 1.43196e+06 0 0 0 0 0 0 0 0 401648 0 0 0 0 0 0 0 0 112657 0 0 0 0 0 0 0 0 401648 0 0 0 0 0 0 0 0 
0 5.10526e+06 0 0 0 0 0 0 0 0 1.43196e+06 0 0 0 0 0 0 0 0 401648 0 0 0 0 0 0 0 0 1.43196e+06 0 0 0 0 0 0 0 0 1.43196e+06 0 0 0 0 0 0 0 0 401648 0 0 0 0 0 0 0 0 112657 0 0 0 0 0 0 0 0 401648 0 0 0 0 0 0 0 
0 0 5.10526e+06 0 0 0 0 0 0 0 0 1.43196e+06 0 0 0 0 0 0 0 0 401648 0 0 0 0 0 0 0 0 1.43196e+06 0 0 0 0 0 0 0 0 1.43196e+06 0 0 0 0 0 0 0 0 401648 0 0 0 0 0 0 0 0 112657 0 0 0 0 0 0 0 0 401648 0 0 0 0 0 0 
0 0 0 -1.27631e-07 3.19079e-08 3.19079e-08 -0 -0 -0 0 0 0 -3.57991e-08 8.94977e-09 8.94977e-09 -0 -0 -0 0 0 0 -1.00412e-08 2.5103e-09 2.5103e-09 -0 -0 -0 0 0 0 -3.57991e-08 8.94977e-09 8.94977e-09 -0 -0 -0 0 0 0 -3.57991e-08 8.94977e-09 8.94977e-09 -0 -0 -0 0 0 0 -1.00412e-08 2.5103e-09 2.5103e-09 -0 -0 -0 0 0 0 -2.81643e-09 7.04109e-10 7.04109e-10 -0 -0 -0 0 0 0 -1.00412e-08 2.5103e-09 2.5103e-09 -0 -0 -0 
0 0 0 3.19079e-08 -1.27631e-07 3.19079e-08 -0 -0 -0 0 0 0 8.94977e-09 -3.57991e-08 8.94977e-09 -0 -0 -0 0 0 0 2.5103e-09 -1.00412e-08 2.5103e-09 -0 -0 -0 0 0 0 8.94977e-09 -3.57991e-08 8.94977e-09 -0 -0 -0 0 0 0 8.94977e-09 -3.57991e-08 8.94977e-09 -0 -0 -0 0 0 0 2.5103e-09 -1.00412e-08 2.5103e-09 -0 -0 -0 0 0 0 7.04109e-10 -2.81643e-09 7.04109e-10 -0 -0 -0 0 0 0 2.5103e-09 -1.00412e-08 2.5103e-09 -0 -0 -0 
0 0 0 3.19079e-08 3.19079e-08 -1.27631e-07 -0 -0 -0 0 0 0 8.94977e-09 8.94977e-09 -3.57991e-08 -0 -0 -0 0 0 0 2.5103e-09 2.5103e-09 -1.00412e-08 -0 -0 -0 0 0 0 8.94977e-09 8.94977e-09 -3.57991e-08 -0 -0 -0 0 0 0 8.94977e-09 8.94977e-09 -3.57991e-08 -0 -0 -0 0 0 0 2.5103e-09 2.5103e-09 -1.00412e-08 -0 -0 -0 0 0 0 7.04109e-10 7.04109e-10 -2.81643e-09 -0 -0 -0 0 0 0 2.5103e-09 2.5103e-09 -1.00412e-08 -0 -0 -0 
0 0 0 -0 -0 -0 -3.19079e-07 -0 -0 0 0 0 -0 -0 -0 -8.94977e-08 -0 -0 0 0 0 -0 -0 -0 -2.5103e-08 -0 -0 0 0 0 -0 -0 -0 -8.94977e-08 -0 -0 0 0 0 -0 -0 -0 -8.94977e-08 -0 -0 0 0 0 -0 -0 -0 -2.5103e-08 -0 -0 0 0 0 -0 -0 -0 -7.04109e-09 -0 -0 0 0 0 -0 -0 -0 -2.5103e-08 -0 -0 
0 0 0 -0 -0 -0 -0 -3.19079e-07 -0 0 0 0 -0 -0 -0 -0 -8.94977e-08 -0 0 0 0 -0 -0 -0 -0 -2.5103e-08 -0 0 0 0 -0 -0 -0 -0 -8.94977e-08 -0 0 0 0 -0 -0 -0 -0 -8.94977e-08 -0 0 0 0 -0 -0 -0 -0 -2.5103e-08 -0 0 0 0 -0 -0 -0 -0 -7.04109e-09 -0 0 0 0 -0 -0 -0 -0 -2.5103e-08 -0 
0 0 0 -0 -0 -0 -0 -0 -3.19079e-07 0 0 0 -0 -0 -0 -0 -0 -8.94977e-08 0 0 0 -0 -0 -0 -0 -0 -2.5103e-08 0 0 0 -0 -0 -0 -0 -0 -8.94977e-08 0 0 0 -0 -0 -0 -0 -0 -8.94977e-08 0 0 0 -0 -0 -0 -0 -0 -2.5103e-08 0 0 0 -0 -0 -0 -0 -0 -7.04109e-09 0 0 0 -0 -0 -0 -0 -0 -2.5103e-08 
1.43196e+06 0 0 0 0 0 0 0 0 1.3697e+06 0 0 0 0 0 0 0 0 384185 0 0 0 0 0 0 0 0 401648 0 0 0 0 0 0 0 0 401648 0 0 0 0 0 0 0 0 384185 0 0 0 0 0 0 0 0 107759 0 0 0 0 0 0 0 0 112657 0 0 0 0 0 0 0 0 
0 1.43196e+06 0 0 0 0 0 0 0 0 1.3697e+06 0 0 0 0 0 0 0 0 384185 0 0 0 0 0 0 0 0 401648 0 0 0 0 0 0 0 0 401648 0 0 0 0 0 0 0 0 384185 0 0 0 0 0 0 0 0 107759 0 0 0 0 0 0 0 0 112657 0 0 0 0 0 0 0 
0 0 1.43196e+06 0 0 0 0 0 0 0 0 1.3697e+06 0 0 0 0 0 0 0 0 384185 0 0 0 0 0 0 0 0 401648 0 0 0 0 0 0 0 0 401648 0 0 0 0 0 0 0 0 384185 0 0 0 0 0 0 0 0 107759 0 0 0 0 0 0 0 0 112657 0 0 0 0 0 0 
0 0 0 -3.57991e-08 8.94977e-09 8.94977e-09 -0 -0 -0 0 0 0 -3.42426e-08 8.56065e-09 8.56065e-09 -0 -0 -0 0 0 0 -9.60463e-09 2.40116e-09 2.40116e-09 -0 -0 -0 0 0 0 -1.00412e-08 2.5103e-09 2.5103e-09 -0 -0 -0 0 0 0 -1.00412e-08 2.5103e-09 2.5103e-09 -0 -0 -0 0 0 0 -9.60463e-09 2.40116e-09 2.40116e-09 -0 -0 -0 0 0 0 -2.69398e-09 6.73495e-10 6.73495e-10 -0 -0 -0 0 0 0 -2.81643e-09 7.04109e-10 7.04109e-10 -0 -0 -0 
0 0 0 8.94977e-09 -3.57991e-08 8.94977e-09 -0 -0 -0 0 0 0 8.56065e-09 -3.42426e-08 8.56065e-09 -0 -0 -0 0 0 0 2.40116e-09 -9.60463e-09 2.40116e-09 -0 -0 -0 0 0 0 2.5103e-09 -1.00412e-08 2.5103e-09 -0 -0 -0 0 0 0 2.5103e-09 -1.00412e-08 2.5103e-09 -0 -0 -0 0 0 0 2.40116e-09 -9.60463e-09 2.40116e-09 -0 -0 -0 0 0 0 6.73495e-10 -2.69398e-09 6.73495e-10 -0 -0 -0 0 0 0 7.04109e-10 -2.81643e-09 7.04109e-10 -0 -0 -0 
0 0 0 8.94977e-09 8.94977e-09 -3.57991e-08 -0 -0 -0 0 0 0 8.56065e-09 8.56065e-09 -3.42426e-08 -0 -0 -0 0 0 0 2.40116e-09 2.40116e-09 -9.60463e-09 -0 -0 -0 0 0 0 2.5103e-09 2.5103e-09 -1.00412e-08 -0 -0 -0 0 0 0 2.5103e-09 2.5103e-09 -1.00412e-08 -0 -0 -0 0 0 0 2.40116e-09 2.40116e-09 -9.60463e-09 -0 -0 -0 0 0 0 6.73495e-10 6.73495e-10 -2.69398e-09 -0 -0 -0 0 0 0 7.04109e-10 7.04109e-10 -2.81643e-09 -0 -0 -0 
0 0 0 -0 -0 -0 -8.94977e-08 -0 -0 0 0 0 -0 -0 -0 -8.56065e-08 -0 -0 0 0 0 -0 -0 -0 -2.40116e-08 -0 -0 0 0 0 -0 -0 -0 -2.5103e-08 -0 -0 0 0 0 -0 -0 -0 -2.5103e-08 -0 -0 0 0 0 -0 -0 -0 -2.40116e-08 -0 -0 0 0 0 -0 -0 -0 -6.73495e-09 -0 -0 0 0 0 -0 -0 -0 -7.04109e-09 -0 -0 
0 0 0 -0 -0 -0 -0 -8.94977e-08 -0 0 0 0 -0 -0 -0 -0 -8.56065e-08 -0 0 0 0 -0 -0 -0 -0 -2.40116e-08 -0 0 0 0 -0 -0 -0 -0 -2.5103e-08 -0 0 0 0 -0 -0 -0 -0 -2.5103e-08 -0 0 0 0 -0 -0 -0 -0 -2.40116e-08 -0 0 0 0 -0 -0 -0 -0 -6.73495e-09 -0 0 0 0 -0 -0 -0 -0 -7.04109e-09 -0 
0 0 0 -0 -0 -0 -0 -0 -8.94977e-08 0 0 0 -0 -0 -0 -0 -0 -8.56065e-08 0 0 0 -0 -0 -0 -0 -0 -2.40116e-08 0 0 0 -0 -0 -0 -0 -0 -2.5103e-08 0 0 0 -0 -0 -0 -0 -0 -2.5103e-08 0 0 0 -0 -0 -0 -0 -0 -2.40116e-08 0 0 0 -0 -0 -0 -0 -0 -6.73495e-09 0 0 0 -0 -0 -0 -0 -0 -7.04109e-09 
401648 0 0 0 0 0 0 0 0 384185 0 0 0 0 0 0 0 0 367481 0 0 0 0 0 0 0 0 384185 0 0 0 0 0 0 0 0 112657 0 0 0 0 0 0 0 0 107759 0 0 0 0 0 0 0 0 103074 0 0 0 0 0 0 0 0 107759 0 0 0 0 0 0 0 0 
0 401648 0 0 0 0 0 0 0 0 384185 0 0 0 0 0 0 0 0 367481 0 0 0 0 0 0 0 0 384185 0 0 0 0 0 0 0 0 112657 0 0 0 0 0 0 0 0 107759 0 0 0 0 0 0 0 0 103074 0 0 0 0 0 0 0 0 107759 0 0 0 0 0 0 0 
0 0 401648 0 0 0 0 0 0 0 0 384185 0 0 0 0 0 0 0 0 367481 0 0 0 0 0 0 0 0 384185 0 0 0 0 0 0 0 0 112657 0 0 0 0 0 0 0 0 107759 0 0 0 0 0 0 0 0 103074 0 0 0 0 0 0 0 0 107759 0 0 0 0 0 0 
0 0 0 -1.00412e-08 2.5103e-09 2.5103e-09 -0 -0 -0 0 0 0 -9.60463e-09 2.40116e-09 2.40116e-09 -0 -0 -0 0 0 0 -9.18704e-09 2.29676e-09 2.29676e-09 -0 -0 -0 0 0 0 -9.60463e-09 2.40116e-09 2.40116e-09 -0 -0 -0 0 0 0 -2.81643e-09 7.04109e-10 7.04109e-10 -0 -0 -0 0 0 0 -2.69398e-09 6.73495e-10 6.73495e-10 -0 -0 -0 0 0 0 -2.57685e-09 6.44213e-10 6.44213e-10 -0 -0 -0 0 0 0 -2.69398e-09 6.73495e-10 6.73495e-10 -0 -0 -0 
0 0 0 2.5103e-09 -1.00412e-08 2.5103e-09 -0 -0 -0 0 0 0 2.40116e-09 -9.60463e-09 2.40116e-09 -0 -0 -0 0 0 0 2.29676e-09 -9.18704e-09 2.29676e-09 -0 -0 -0 0 0 0 2.40116e-09 -9.60463e-09 2.40116e-09 -0 -0 -0 0 0 0 7.04109e-10 -2.81643e-09 7.04109e-10 -0 -0 -0 0 0 0 6.73495e-10 -2.69398e-09 6.73495e-10 -0 -0 -0 0 0 0 6.44213e-10 -2.57685e-09 6.44213e-10 -0 -0 -0 0 0 0 6.73495e-10 -2.69398e-09 6.73495e-10 -0 -0 -0 
0 0 0 2.5103e-09 2.5103e-09 -1.00412e-08 -0 -0 -0 0 0 0 2.40116e-09 2.40116e-09 -9.60463e-09 -0 -0 -0 0 0 0 2.29676e-09 2.29676e-09 -9.18704e-09 -0 -0 -0 0 0 0 2.40116e-09 2.40116e-09 -9.60463e-09 -0 -0 -0 0 0 0 7.04109e-10 7.04109e-10 -2.81643e-09 -0 -0 -0 0 0 0 6.73495e-10 6.73495e-10 -2.69398e-09 -0 -0 -0 0 0 0 6.44213e-10 6.44213e-10 -2.57685e-09 -0 -0 -0 0 0 0 6.73495e-10 6.73495e-10 -2.69398e-09 -0 -0 -0 
0 0 0 -0 -0 -0 -2.5103e-08 -0 -0 0 0 0 -0 -0 -0 -2.40116e-08 -0 -0 0 0 0 -0 -0 -0 -2.29676e-08 -0 -0 0 0 0 -0 -0 -0 -2.40116e-08 -0 -0 0 0 0 -0 -0 -0 -7.04109e-09 -0 -0 0 0 0 -0 -0 -0 -6.73495e-09 -0 -0 0 0 0 -0 -0 -0 -6.44213e-09 -0 -0 0 0 0 -0 -0 -0 -6.73495e-09 -0 -0 
0 0 0 -0 -0 -0 -0 -2.5103e-08 -0 0 0 0 -0 -0 -0 -0 -2.40116e-08 -0 0 0 0 -0 -0 -0 -0 -2.29676e-08 -0 0 0 0 -0 -0 -0 -0 -2.40116e-08 -0 0 0 0 -0 -0 -0 -0 -7.04109e-09 -0 0 0 0 -0 -0 -0 -0 -6.73495e-09 -0 0 0 0 -0 -0 -0 -0 -6.44213e-09 -0 0 0 0 -0 -0 -0 -0 -6.73495e-09 -0 
0 0 0 -0 -0 -0 -0 -0 -2.5103e-08 0 0 0 -0 -0 -0 -0 -0 -2.40116e-08 0 0 0 -0 -0 -0 -0 -0 -2.29676e-08 0 0 0 -0 -0 -0 -0 -0 -2.40116e-08 0 0 0 -0 -0 -0 -0 -0 -7.04109e-09 0 0 0 -0 -0 -0 -0 -0 -6.73495e-09 0 0 0 -0 -0 -0 -0 -0 -6.44213e-09 0 0 0 -0 -0 -0 -0 -0 -6.73495e-09 
1.43196e+06 0 0 0 0 0 0 0 0 401648 0 0 0 0 0 0 0 0 384185 0 0 0 0 0 0 0 0 1.3697e+06 0 0 0 0 0 0 0 0 401648 0 0 0 0 0 0 0 0 112657 0 0 0 0 0 0 0 0 107759 0 0 0 0 0 0 0 0 384185 0 0 0 0 0 0 0 0 
0 1.43196e+06 0 0 0 0 0 0 0 0 401648 0 0 0 0 0 0 0 0 384185 0 0 0 0 0 0 0 0 1.3697e+06 0 0 0 0 0 0 0 0 401648 0 0 0 0 0 0 0 0 112657 0 0 0 0 0 0 0 0 107759 0 0 0 0 0 0 0 0 384185 0 0 0 0 0 0 0 
0 0 1.43196e+06 0 0 0 0 0 0 0 0 401648 0 0 0 0 0 0 0 0 384185 0 0 0 0 0 0 0 0 1.3697e+06 0 0 0 0 0 0 0 0 401648 0 0 0 0 0 0 0 0 112657 0 0 0 0 0 0 0 0 107759 0 0 0 0 0 0 0 0 384185 0 0 0 0 0 0 
0 0 0 -3.57991e-08 8.94977e-09 8.94977e-09 -0 -0 -0 0 0 0 -1.00412e-08 2.5103e-09 2.5103e-09 -0 -0 -0 0 0 0 -9.60463e-09 2.40116e-09 2.40116e-09 -0 -0 -0 0 0 0 -3.42426e-08 8.56065e-09 8.56065e-09 -0 -0 -0 0 0 0 -1.00412e-08 2.5103e-09 2.5103e-09 -0 -0 -0 0 0 0 -2.81643e-09 7.04109e-10 7.04109e-10 -0 -0 -0 0 0 0 -2.69398e-09 6.73495e-10 6.73495e-10 -0 -0 -0 0 0 0 -9.60463e-09 2.40116e-09 2.40116e-09 -0 -0 -0 
0 0 0 8.94977e-09 -3.57991e-08 8.94977e-09 -0 -0 -0 0 0 0 2.5103e-09 -1.00412e-08 2.5103e-09 -0 -0 -0 0 0 0 2.40116e-09 -9.60463e-09 2.40116e-09 -0 -0 -0 0 0 0 8.56065e-09 -3.42426e-08 8.56065e-09 -0 -0 -0 0 0 0 2.5103e-09 -1.00412e-08 2.5103e-09 -0 -0 -0 0 0 0 7.04109e-10 -2.81643e-09 7.04109e-10 -0 -0 -0 0 0 0 6.73495e-10 -2.69398e-09 6.73495e-10 -0 -0 -0 0 0 0 2.40116e-09 -9.60463e-09 2.40116e-09 -0 -0 -0 
0 0 0 8.94977e-09 8.94977e-09 -3.57991e-08 -0 -0 -0 0 0 0 2.5103e-09 2.5103e-09 -1.00412e-08 -0 -0 -0 0 0 0 2.40116e-09 2.40116e-09 -9.60463e-09 -0 -0 -0 0 0 0 8.56065e-09 8.56065e-09 -3.42426e-08 -0 -0 -0 0 0 0 2.5103e-09 2.5103e-09 -1.00412e-08 -0 -0 -0 0 0 0 7.04109e-10 7.04109e-10 -2.81643e-09 -0 -0 -0 0 0 0 6.73495e-10 6.73495e-10 -2.69398e-09 -0 -0 -0 0 0 0 2.40116e-09 2.40116e-09 -9.60463e-09 -0 -0 -0 
0 0 0 -0 -0 -0 -8.94977e-08 -0 -0 0 0 0 -0 -0 -0 -2.5103e-08 -0 -0 0 0 0 -0 -0 -0 -2.40116e-08 -0 -0 0 0 0 -0 -0 -0 -8.56065e-08 -0 -0 0 0 0 -0 -0 -0 -2.5103e-08 -0 -0 0 0 0 -0 -0 -0 -7.04109e-09 -0 -0 0 0 0 -0 -0 -0 -6.73495e-09 -0 -0 0 0 0 -0 -0 -0 -2.40116e-08 -0 -0 
0 0 0 -0 -0 -0 -0 -8.94977e-08 -0 0 0 0 -0 -0 -0 -0 -2.5103e-08 -0 0 0 0 -0 -0 -0 -0 -2.40116e-08 -0 0 0 0 -0 -0 -0 -0 -8.56065e-08 -0 0 0 0 -0 -0 -0 -0 -2.5103e-08 -0 0 0 0 -0 -0 -0 -0 -7.04109e-09 -0 0 0 0 -0 -0 -0 -0 -6.73495e-09 -0 0 0 0 -0 -0 -0 -0 -2.40116e-08 -0 
0 0 0 -0 -0 -0 -0 -0 -8.94977e-08 0 0 0 -0 -0 -0 -0 -0 -2.5103e-08 0 0 0 -0 -0 -0 -0 -0 -2.40116e-08 0 0 0 -0 -0 -0 -0 -0 -8.56065e-08 0 0 0 -0 -0 -0 -0 -0 -2.5103e-08 0 0 0 -0 -0 -0 -0 -0 -7.04109e-09 0 0 0 -0 -0 -0 -0 -0 -6.73495e-09 0 0 0 -0 -0 -0 -0 -0 -2.40116e-08 
1.43196e+06 0 0 0 0 0 0 0 0 401648 0 0 0 0 0 0 0 0 112657 0 0 0 0 0 0 0 0 401648 0 0 0 0 0 0 0 0 1.3697e+06 0 0 0 0 0 0 0 0 384185 0 0 0 0 0 0 0 0 107759 0 0 0 0 0 0 0 0 384185 0 0 0 0 0 0 0 0 
0 1.43196e+06 0 0 0 0 0 0 0 0 401648 0 0 0 0 0 0 0 0 112657 0 0 0 0 0 0 0 0 401648 0 0 0 0 0 0 0 0 1.3697e+06 0 0 0 0 0 0 0 0 384185 0 0 0 0 0 0 0 0 107759 0 0 0 0 0 0 0 0 384185 0 0 0 0 0 0 0 
0 0 1.43196e+06 0 0 0 0 0 0 0 0 401648 0 0 0 0 0 0 0 0 112657 0 0 0 0 0 0 0 0 401648 0 0 0 0 0 0 0 0 1.3697e+06 0 0 0 0 0 0 0 0 384185 0 0 0 0 0 0 0 0 107759 0 0 0 0 0 0 0 0 384185 0 0 0 0 0 0 
0 0 0 -3.57991e-08 8.94977e-09 8.94977e-09 -0 -0 -0 0 0 0 -1.00412e-08 2.5103e-09 2.5103e-09 -0 -0 -0 0 0 0 -2.81643e-09 7.04109e-10 7.04109e-10 -0 -0 -0 0 0 0 -1.00412e-08 2.5103e-09 2.5103e-09 -0 -0 -0 0 0 0 -3.42426e-08 8.56065e-09 8.56065e-09 -0 -0 -0 0 0 0 -9.60463e-09 2.40116e-09 2.40116e-09 -0 -0 -0 0 0 0 -2.69398e-09 6.73495e-10 6.73495e-10 -0 -0 -0 0 0 0 -9.60463e-09 2.40116e-09 2.40116e-09 -0 -0 -0 
0 0 0 8.94977e-09 -3.57991e-08 8.94977e-09 -0 -0 -0 0 0 0 2.5103e-09 -1.00412e-08 2.5103e-09 -0 -0 -0 0 0 0 7.04109e-10 -2.81643e-09 7.04109e-10 -0 -0 -0 0 0 0 2.5103e-09 -1.00412e-08 2.5103e-09 -0 -0 -0 0 0 0 8.56065e-09 -3.42426e-08 8.56065e-09 -0 -0 -0 0 0 0 2.40116e-09 -9.60463e-09 2.40116e-09 -0 -0 -0 0 0 0 6.73495e-10 -2.69398e-09 6.73495e-10 -0 -0 -0 0 0 0 2.40116e-09 -9.60463e-09 2.40116e-09 -0 -0 -0 
0 0 0 8.94977e-09 8.94977e-09 -3.57991e-08 -0 -0 -0 0 0 0 2.5103e-09 2.5103e-09 -1.00412e-08 -0 -0 -0 0 0 0 7.04109e-10 7.04109e-10 -2.81643e-09 -0 -0 -0 0 0 0 2.5103e-09 2.5103e-09 -1.00412e-08 -0 -0 -0 0 0 0 8.56065e-09 8.56065e-09 -3.42426e-08 -0 -0 -0 0 0 0 2.40116e-09 2.40116e-09 -9.60463e-09 -0 -0 -0 0 0 0 6.73495e-10 6.73495e-10 -2.69398e-09 -0 -0 -0 0 0 0 2.40116e-09 2.40116e-09 -9.60463e-09 -0 -0 -0 
0 0 0 -0 -0 -0 -8.94977e-08 -0 -0 0 0 0 -0 -0 -0 -2.5103e-08 -0 -0 0 0 0 -0 -0 -0 -7.04109e-09 -0 -0 0 0 0 -0 -0 -0 -2.5103e-08 -0 -0 0 0 0 -0 -0 -0 -8.56065e-08 -0 -0 0 0 0 -0 -0 -0 -2.40116e-08 -0 -0 0 0 0 -0 -0 -0 -6.73495e-09 -0 -0 0 0 0 -0 -0 -0 -2.40116e-08 -0 -0 
0 0 0 -0 -0 -0 -0 -8.94977e-08 -0 0 0 0 -0 -0 -0 -0 -2.5103e-08 -0 0 0 0 -0 -0 -0 -0 -7.04109e-09 -0 0 0 0 -0 -0 -0 -0 -2.5103e-08 -0 0 0 0 -0 -0 -0 -0 -8.56065e-08 -0 0 0 0 -0 -0 -0 -0 -2.40116e-08 -0 0 0 0 -0 -0 -0 -0 -6.73495e-09 -0 0 0 0 -0 -0 -0 -0 -2.40116e-08 -0 
0 0 0 -0 -0 -0 -0 -0 -8.94977e-08 0 0 0 -0 -0 -0 -0 -0 -2.5103e-08 0 0 0 -0 -0 -0 -0 -0 -7.04109e-09 0 0 0 -0 -0 -0 -0 -0 -2.5103e-08 0 0 0 -0 -0 -0 -0 -0 -8.56065e-08 0 0 0 -0 -0 -0 -0 -0 -2.40116e-08 0 0 0 -0 -0 -0 -0 -0 -6.73495e-09 0 0 0 -0 -0 -0 -0 -0 -2.40116e-08 
401648 0 0 0 0 0 0 0 0 384185 0 0 0 0 0 0 0 0 107759 0 0 0 0 0 0 0 0 112657 0 0 0 0 0 0 0 0 384185 0 0 0 0 0 0 0 0 367481 0 0 0 0 0 0 0 0 103074 0 0 0 0 0 0 0 0 107759 0 0 0 0 0 0 0 0 
0 401648 0 0 0 0 0 0 0 0 384185 0 0 0 0 0 0 0 0 107759 0 0 0 0 0 0 0 0 112657 0 0 0 0 0 0 0 0 384185 0 0 0 0 0 0 0 0 367481 0 0 0 0 0 0 0 0 103074 0 0 0 0 0 0 0 0 107759 0 0 0 0 0 0 0 
0 0 401648 0 0 0 0 0 0 0 0 384185 0 0 0 0 0 0 0 0 107759 0 0 0 0 0 0 0 0 112657 0 0 0 0 0 0 0 0 384185 0 0 0 0 0 0 0 0 367481 0 0 0 0 0 0 0 0 103074 0 0 0 0 0 0 0 0 107759 0 0 0 0 0 0 
0 0 0 -1.00412e-08 2.5103e-09 2.5103e-09 -0 -0 -0 0 0 0 -9.60463e-09 2.40116e-09 2.40116e-09 -0 -0 -0 0 0 0 -2.69398e-09 6.73495e-10 6.73495e-10 -0 -0 -0 0 0 0 -2.81643e-09 7.04109e-10 7.04109e-10 -0 -0 -0 0 0 0 -9.60463e-09 2.40116e-09 2.40116e-09 -0 -0 -0 0 0 0 -9.18704e-09 2.29676e-09 2.29676e-09 -0 -0 -0 0 0 0 -2.57685e-09 6.44213e-10 6.44213e-10 -0 -0 -0 0 0 0 -2.69398e-09 6.73495e-10 6.73495e-10 -0 -0 -0 
0 0 0 2.5103e-09 -1.00412e-08 2.5103e-09 -0 -0 -0 0 0 0 2.40116e-09 -9.60463e-09 2.40116e-09 -0 -0 -0 0 0 0 6.73495e-10 -2.69398e-09 6.73495e-10 -0 -0 -0 0 0 0 7.04109e-10 -2.81643e-09 7.04109e-10 -0 -0 -0 0 0 0 2.40116e-09 -9.60463e-09 2.40116e-09 -0 -0 -0 0 0 0 2.29676e-09 -9.18704e-09 2.29676e-09 -0 -0 -0 0 0 0 6.44213e-10 -2.57685e-09 6.44213e-10 -0 -0 -0 0 0 0 6.73495e-10 -2.69398e-09 6.73495e-10 -0 -0 -0 
0 0 0 2.5103e-09 2.5103e-09 -1.00412e-08 -0 -0 -0 0 0 0 2.40116e-09 2.40116e-09 -9.60463e-09 -0 -0 -0 0 0 0 6.73495e-10 6.73495e-10 -2.69398e-09 -0 -0 -0 0 0 0 7.04109e-10 7.04109e-10 -2.81643e-09 -0 -0 -0 0 0 0 2.40116e-09 2.40116e-09 -9.60463e-09 -0 -0 -0 0 0 0 2.29676e-09 2.29676e-09 -9.18704e-09 -0 -0 -0 0 0 0 6.44213e-10 6.44213e-10 -2.57685e-09 -0 -0 -0 0 0 0 6.73495e-10 6.73495e-10 -2.69398e-09 -0 -0 -0 
0 0 0 -0 -0 -0 -2.5103e-08 -0 -0 0 0 0 -0 -0 -0 -2.40116e-08 -0 -0 0 0 0 -0 -0 -0 -6.73495e-09 -0 -0 0 0 0 -0 -0 -0 -7.04109e-09 -0 -0 0 0 0 -0 -0 -0 -2.40116e-08 -0 -0 0 0 0 -0 -0 -0 -2.29676e-08 -0 -0 0 0 0 -0 -0 -0 -6.44213e-09 -0 -0 0 0 0 -0 -0 -0 -6.73495e-09 -0 -0 
0 0 0 -0 -0 -0 -0 -2.5103e-08 -0 0 0 0 -0 -0 -0 -0 -2.40116e-08 -0 0 0 0 -0 -0 -0 -0 -6.73495e-09 -0 0 0 0 -0 -0 -0 -0 -7.04109e-09 -0 0 0 0 -0 -0 -0 -0 -2.40116e-08 -0 0 0 0 -0 -0 -0 -0 -2.29676e-08 -0 0 0 0 -0 -0 -0 -0 -6.44213e-09 -0 0 0 0 -0 -0 -0 -0 -6.73495e-09 -0 
0 0 0 -0 -0 -0 -0 -0 -2.5103e-08 0 0 0 -0 -0 -0 -0 -0 -2.40116e-08 0 0 0 -0 -0 -0 -0 -0 -6.73495e-09 0 0 0 -0 -0 -0 -0 -0 -7.04109e-09 0 0 0 -0 -0 -0 -0 -0 -2.40116e-08 0 0 0 -0 -0 -0 -0 -0 -2.29676e-08 0 0 0 -0 -0 -0 -0 -0 -6.44213e-09 0 0 0 -0 -0 -0 -0 -0 -6.73495e-09 
112657 0 0 0 0 0 0 0 0 107759 0 0 0 0 0 0 0 0 103074 0 0 0 0 0 0 0 0 107759 0 0 0 0 0 0 0 0 107759 0 0 0 0 0 0 0 0 103074 0 0 0 0 0 0 0 0 98592.6 0 0 0 0 0 0 0 0 103074 0 0 0 0 0 0 0 0 
0 112657 0 0 0 0 0 0 0 0 107759 0 0 0 0 0 0 0 0 103074 0 0 0 0 0 0 0 0 107759 0 0 0 0 0 0 0 0 107759 0 0 0 0 0 0 0 0 103074 0 0 0 0 0 0 0 0 98592.6 0 0 0 0 0 0 0 0 103074 0 0 0 0 0 0 0 
0 0 112657 0 0 0 0 0 0 0 0 107759 0 0 0 0 0 0 0 0 103074 0 0 0 0 0 0 0 0 107759 0 0 0 0 0 0 0 0 107759 0 0 0 0 0 0 0 0 103074 0 0 0 0 0 0 0 0 98592.6 0 0 0 0 0 0 0 0 103074 0 0 0 0 0 0 
0 0 0 -2.81643e-09 7.04109e-10 7.04109e-10 -0 -0 -0 0 0 0 -2.69398e-09 6.73495e-10 6.73495e-10 -0 -0 -0 0 0 0 -2.57685e-09 6.44213e-10 6.44213e-10 -0 -0 -0 0 0 0 -2.69398e-09 6.73495e-10 6.73495e-10 -0 -0 -0 0 0 0 -2.69398e-09 6.73495e-10 6.73495e-10 -0 -0 -0 0 0 0 -2.57685e-09 6.44213e-10 6.44213e-10 -0 -0 -0 0 0 0 -2.46481e-09 6.16204e-10 6.16204e-10 -0 -0 -0 0 0 0 -2.57685e-09 6.44213e-10 6.44213e-10 -0 -0 -0 
0 0 0 7.04109e-10 -2.81643e-09 7.04109e-10 -0 -0 -0 0 0 0 6.73495e-10 -2.69398e-09 6.73495e-10 -0 -0 -0 0 0 0 6.44213e-10 -2.57685e-09 6.44213e-10 -0 -0 -0 0 0 0 6.73495e-10 -2.69398e-09 6.73495e-10 -0 -0 -0 0 0 0 6.73495e-10 -2.69398e-09 6.73495e-10 -0 -0 -0 0 0 0 6.44213e-10 -2.57685e-09 6.44213e-10 -0 -0 -0 0 0 0 6.16204e-10 -2.46481e-09 6.16204e-10 -0 -0 -0 0 0 0 6.44213e-10 -2.57685e-09 6.44213e-10 -0 -0 -0 
0 0 0 7.04109e-10 7.04109e-10 -2.81643e-09 -0 -0 -0 0 0 0 6.73495e-10 6.73495e-10 -2.69398e-09 -0 -0 -0 0 0 0 6.44213e-10 6.44213e-10 -2.57685e-09 -0 -0 -0 0 0 0 6.73495e-10 6.73495e-10 -2.69398e-09 -0 -0 -0 0 0 0 6.73495e-10 6.73495e-10 -2.69398e-09 -0 -0 -0 0 0 0 6.44213e-10 6.44213e-10 -2.57685e-09 -0 -0 -0 0 0 0 6.16204e-10 6.16204e-10 -2.46481e-09 -0 -0 -0 0 0 0 6.44213e-10 6.44213e-10 -2.57685e-09 -0 -0 -0 
0 0 0 -0 -0 -0 -7.04109e-09 -0 -0 0 0 0 -0 -0 -0 -6.73495e-09 -0 -0 0 0 0 -0 -0 -0 -6.44213e-09 -0 -0 0 0 0 -0 -0 -0 -6.73495e-09 -0 -0 0 0 0 -0 -0 -0 -6.73495e-09 -0 -0 0 0 0 -0 -0 -0 -6.44213e-09 -0 -0 0 0 0 -0 -0 -0 -6.16204e-09 -0 -0 0 0 0 -0 -0 -0 -6.44213e-09 -0 -0 
0 0 0 -0 -0 -0 -0 -7.04109e-09 -0 0 0 0 -0 -0 -0 -0 -6.73495e-09 -0 0 0 0 -0 -0 -0 -0 -6.44213e-09 -0 0 0 0 -0 -0 -0 -0 -6.73495e-09 -0 0 0 0 -0 -0 -0 -0 -6.73495e-09 -0 0 0 0 -0 -0 -0 -0 -6.44213e-09 -0 0 0 0 -0 -0 -0 -0 -6.16204e-09 -0 0 0 0 -0 -0 -0 -0 -6.44213e-09 -0 
0 0 0 -0 -0 -0 -0 -0 -7.04109e-09 0 0 0 -0 -0 -0 -0 -0 -6.73495e-09 0 0 0 -0 -0 -0 -0 -0 -6.44213e-09 0 0 0 -0 -0 -0 -0 -0 -6.73495e-09 0 0 0 -0 -0 -0 -0 -0 -6.73495e-09 0 0 0 -0 -0 -0 -0 -0 -6.44213e-09 0 0 0 -0 -0 -0 -0 -0 -6.16204e-09 0 0 0 -0 -0 -0 -0 -0 -6.44213e-09 
401648 0 0 0 0 0 0 0 0 112657 0 0 0 0 0 0 0 0 107759 0 0 0 0 0 0 0 0 384185 0 0 0 0 0 0 0 0 384185 0 0 0 0 0 0 0 0 107759 0 0 0 0 0 0 0 0 103074 0 0 0 0 0 0 0 0 367481 0 0 0 0 0 0 0 0 
0 401648 0 0 0 0 0 0 0 0 112657 0 0 0 0 0 0 0 0 107759 0 0 0 0 0 0 0 0 384185 0 0 0 0 0 0 0 0 384185 0 0 0 0 0 0 0 0 107759 0 0 0 0 0 0 0 0 103074 0 0 0 0 0 0 0 0 367481 0 0 0 0 0 0 0 
0 0 401648 0 0 0 0 0 0 0 0 112657 0 0 0 0 0 0 0 0 107759 0 0 0 0 0 0 0 0 384185 0 0 0 0 0 0 0 0 384185 0 0 0 0 0 0 0 0 107759 0 0 0 0 0 0 0 0 103074 0 0 0 0 0 0 0 0 367481 0 0 0 0 0 0 
0 0 0 -1.00412e-08 2.5103e-09 2.5103e-09 -0 -0 -0 0 0 0 -2.81643e-09 7.04109e-10 7.04109e-10 -0 -0 -0 0 0 0 -2.69398e-09 6.73495e-10 6.73495e-10 -0 -0 -0 0 0 0 -9.60463e-09 2.40116e-09 2.40116e-09 -0 -0 -0 0 0 0 -9.60463e-09 2.40116e-09 2.40116e-09 -0 -0 -0 0 0 0 -2.69398e-09 6.73495e-10 6.73495e-10 -0 -0 -0 0 0 0 -2.57685e-09 6.44213e-10 6.44213e-10 -0 -0 -0 0 0 0 -9.18704e-09 2.29676e-09 2.29676e-09 -0 -0 -0 
0 0 0 2.5103e-09 -1.00412e-08 2.5103e-09 -0 -0 -0 0 0 0 7.04109e-10 -2.81643e-09 7.04109e-10 -0 -0 -0 0 0 0 6.73495e-10 -2.69398e-09 6.73495e-10 -0 -0 -0 0 0 0 2.40116e-09 -9.60463e-09 2.40116e-09 -0 -0 -0 0 0 0 2.40116e-09 -9.60463e-09 2.40116e-09 -0 -0 -0 0 0 0 6.73495e-10 -2.69398e-09 6.73495e-10 -0 -0 -0 0 0 0 6.44213e-10 -2.57685e-09 6.44213e-10 -0 -0 -0 0 0 0 2.29676e-09 -9.18704e-09 2.29676e-09 -0 -0 -0 
0 0 0 2.5103e-09 2.5103e-09 -1.00412e-08 -0 -0 -0 0 0 0 7.04109e-10 7.04109e-10 -2.81643e-09 -0 -0 -0 0 0 0 6.73495e-10 6.73495e-10 -2.69398e-09 -0 -0 -0 0 0 0 2.40116e-09 2.40116e-09 -9.60463e-09 -0 -0 -0 0 0 0 2.40116e-09 2.40116e-09 -9.60463e-09 -0 -0 -0 0 0 0 6.73495e-10 6.73495e-10 -2.69398e-09 -0 -0 -0 0 0 0 6.44213e-10 6.44213e-10 -2.57685e-09 -0 -0 -0 0 0 0 2.29676e-09 2.29676e-09 -9.18704e-09 -0 -0 -0 
0 0 0 -0 -0 -0 -2.5103e-08 -0 -0 0 0 0 -0 -0 -0 -7.04109e-09 -0 -0 0 0 0 -0 -0 -0 -6.73495e-09 -0 -0 0 0 0 -0 -0 -0 -2.40116e-08 -0 -0 0 0 0 -0 -0 -0 -2.40116e-08 -0 -0 0 0 0 -0 -0 -0 -6.73495e-09 -0 -0 0 0 0 -0 -0 -0 -6.44213e-09 -0 -0 0 0 0 -0 -0 -0 -2.29676e-08 -0 -0 
0 0 0 -0 -0 -0 -0 -2.5103e-08 -0 0 0 0 -0 -0 -0 -0 -7.04109e-09 -0 0 0 0 -0 -0 -0 -0 -6.73495e-09 -0 0 0 0 -0 -0 -0 -0 -2.40116e-08 -0 0 0 0 -0 -0 -0 -0 -2.40116e-08 -0 0 0 0 -0 -0 -0 -0 -6.73495e-09 -0 0 0 0 -0 -0 -0 -0 -6.44213e-09 -0 0 0 0 -0 -0 -0 -0 -2.29676e-08 -0 
0 0 0 -0 -0 -0 -0 -0 -2.5103e-08 0 0 0 -0 -0 -0 -0 -0 -7.04109e-09 0 0 0 -0 -0 -0 -0 -0 -6.73495e-09 0 0 0 -0 -0 -0 -0 -0 -2.40116e-08 0 0 0 -0 -0 -0 -0 -0 -2.40116e-08 0 0 0 -0 -0 -0 -0 -0 -6.73495e-09 0 0 0 -0 -0 -0 -0 -0 -6.44213e-09 0 0 0 -0 -0 -0 -0 -0 -2.29676e-08 
