-0.000000
-0.000000
-0.000000
-0.000000
-0.000000
-0.000000
-0.000000
-0.000000
-0.000000
-0.000000
-0.000000
-0.000000
-0.000000
-0.000000
-0.000000
-0.000000
-0.000000
-0.000000
-0.000000
-0.000000
-0.000000
-0.000000
-0.000000
-0.000000
-0.000000
-0.000000
-0.000000
-0.000000
-0.000000
-0.000000
-0.000000
-0.000000
-0.000000
-0.000000
-0.000000
-0.000000
-0.000000
-0.000000
-0.000000
-0.000000
-0.000000
-0.000000
-0.000000
-0.000000
-0.000000
-0.000000
-0.000000
-0.000000
-0.000000
-0.000000
-0.000000
-0.000000
-0.000000
-0.000000
-0.000000
-0.000000
-0.000000
-0.000000
-0.000000
-0.000000
-0.000000
-0.000000
-0.000000
-0.000000
-0.000000
-0.000000
-0.000000
-0.000000
-0.000000
-0.000000
-0.000000
-0.000000
-0.000000
-0.000000
-0.000000
-0.000000
-0.000000
-0.000000
-0.000000
-0.000000
-0.000000
-0.000000
-0.000000
-0.000000
-0.000000
-0.000000
-0.000000
-0.000000
-0.000000
-0.000000
-0.000000
-0.000000
-0.000000
-0.000000
-0.000000
-0.000000
-0.000000
-0.000000
-0.000000
-0.000000
-0.000000
-0.000000
-0.000000
-0.000000
-0.000000
-0.000000
-0.000000
-0.000000
-0.000000
-0.000000
-0.000000
-0.000000
-0.000000
-0.000000
-0.000000
-0.000000
-0.000000
-0.000000
-0.000000
-0.000000
-0.000000
-0.000000
-0.000000
-0.000000
-0.000000
-0.000000
-0.000000
-0.000000
-0.000000
-0.000000
-0.000000
-0.000000
-0.000000
-0.000000
-0.000000
-0.000000
-0.000000
-0.000000
-0.000000
-0.000000
-0.000000
-0.000000
-0.000000
-0.000000
-0.000000
-0.000000
-0.000000
-0.000000
-0.000000
-0.000000
-0.000000
-0.000000
-0.000000
-0.000000
-0.000000
-0.000000
-0.000000
-0.000000
-0.000000
-0.000000
-0.000000
-0.000000
-0.000000
-0.000000
-0.000000
-0.000000
-0.000000
-0.000000
-0.000000
-0.000000
-0.000000
-0.000000
-0.000000
-0.000000
-0.000000
-0.000000
-0.000000
-0.000000
-0.000000
-0.000000
-0.000000
-0.000000
-0.000000
-0.000000
-0.000000
-0.000000
-0.000000
-0.000000
-0.000000
-0.000000
-0.000000
-0.000000
-0.000000
-0.000000
-0.000000
-0.000000
-0.000000
-0.000000
-0.000000
-0.000000
-0.000000
-0.000000
-0.000000
-0.000000
-0.000000
-0.000000
-0.000000
-0.000000
-0.000000
-0.000000
-0.000000
-0.000000
-0.000000
-0.000000
-0.000000
-0.000000
-0.000000
-0.000000
-0.000000
-0.000000
-0.000000
-0.000000
-0.000000
-0.000000
-0.000000
-0.000000
-0.000000
-0.000000
-0.000000
-0.000000
-0.000000
-0.000000
-0.000000
-0.000000
-0.000000
-0.000000
-0.000000
-0.000000
-0.000000
-0.000000
-0.000000
-0.000000
-0.000000
-0.000000
-0.000000
-0.000000
-0.000000
-0.000000
-0.000000
-0.000000
-0.000000
-0.000000
-0.000000
-0.000000
-0.000000
-0.000000
-0.000000
-0.000000
-0.000000
-0.000000
-0.000000
-0.000000
-0.000000
-0.000000
-0.000000
-0.000000
-0.000000
-0.000000
-0.000000
-0.000000
-0.000000
-0.000000
-0.000000
-0.000000
-0.000000
-0.000000
-0.000000
-0.000000
-0.000000
-0.000000
-0.000000
-0.000000
-0.000000
-0.000000
-0.000000
-0.000000
-0.000000
-0.000000
-0.000000
-0.000000
-0.000000
-0.000000
-0.000000
-0.000000
-0.000000
-0.000000
-0.000000
-0.000000
-0.000000
-0.000000
-0.000000
-0.000001
-0.000001
-0.000001
-0.000001
-0.000001
-0.000002
-0.000002
-0.000003
-0.000004
-0.000005
-0.000006
-0.000008
-0.000009
-0.000012
-0.000015
-0.000018
-0.000023
-0.000029
-0.000036
-0.000044
-0.000055
-0.000068
-0.000084
-0.000104
-0.000128
-0.000158
-0.000194
-0.000239
-0.000293
-0.000359
-0.000440
-0.000538
-0.000656
-0.000800
-0.000973
-0.001183
-0.001437
-0.001742
-0.002109
-0.002550
-0.003079
-0.003713
-0.004472
-0.005378
-0.006458
-0.007746
-0.009278
-0.011097
-0.013256
-0.015812
-0.018836
-0.022408
-0.026620
-0.031581
-0.037416
-0.044268
-0.052303
-0.061711
-0.072712
-0.085556
-0.100531
-0.117963
-0.138226
-0.161747
-0.189007
-0.220555
-0.257012
-0.299078
-0.347544
-0.403300
-0.467346
-0.540804
-0.624930
-0.721126
-0.830959
-0.956168
-1.098687
-1.260660
-1.444457
-1.652696
-1.888258
-2.154311
-2.454328
-2.792110
-3.171807
-3.597937
-4.075410
-4.609547
-5.206102
-5.871280
-6.611754
-7.434682
-8.347722
-9.359039
-10.477318
-11.711765
-13.072106
-14.568586
-16.211953
-18.013444
-19.984762
-22.138042
-24.485811
-27.040941
-29.816591
-32.826133
-36.083079
-39.600983
-43.393343
-47.473484
-51.854427
-56.548752
-61.568442
-66.924716
-72.627852
-78.686995
-85.109953
-91.902987
-99.070589
-106.615249
-114.537219
-122.834275
-131.501467
-140.530882
-149.911394
-159.628435
-169.663759
-179.995228
-190.596608
-201.437386
-212.482606
-223.692729
-235.023532
-246.426031
-257.846443
-269.226192
-280.501960
-291.605782
-302.465191
-313.003425
-323.139681
-332.789431
-341.864793
-350.274971
-357.926739
-364.725005
-370.573408
-375.374995
-379.032930
-381.451264
-382.535747
-382.194671
-380.339757
-376.887055
-371.757872
-364.879699
-356.187144
-345.622853
-333.138409
-318.695202
-302.265256
-283.832007
-263.391010
-240.950585
-216.532362
-190.171749
-161.918286
-131.835893
-100.002994
-66.512520
-31.471781
4.997797
42.761079
81.669750
121.563004
162.268345
203.602541
245.372691
287.377417
329.408167
371.250617
412.686165
453.493497
493.450222
532.334548
569.926992
606.012104
640.380187
672.828998
703.165410
731.207017
756.783669
779.738914
799.931339
817.235786
831.544440
842.767769
850.835304
855.696264
857.320000
855.696264
850.835304
842.767769
831.544440
817.235786
799.931339
779.738914
756.783669
731.207017
703.165410
672.828998
640.380187
606.012104
569.926992
532.334548
493.450222
453.493497
412.686165
371.250617
329.408167
287.377417
245.372691
203.602541
162.268345
121.563004
81.669750
42.761079
4.997797
-31.471781
-66.512520
-100.002994
-131.835893
-161.918286
-190.171749
-216.532362
-240.950585
-263.391010
-283.832007
-302.265256
-318.695202
-333.138409
-345.622853
-356.187144
-364.879699
-371.757872
-376.887055
-380.339757
-382.194671
-382.535747
-381.451264
-379.032930
-375.374995
-370.573408
-364.725005
-357.926739
-350.274971
-341.864793
-332.789431
-323.139681
-313.003425
-302.465191
-291.605782
-280.501960
-269.226192
-257.846443
-246.426031
-235.023532
-223.692729
-212.482606
-201.437386
-190.596608
-179.995228
-169.663759
-159.628435
-149.911394
-140.530882
-131.501467
-122.834275
-114.537219
-106.615249
-99.070589
-91.902987
-85.109953
-78.686995
-72.627852
-66.924716
-61.568442
-56.548752
-51.854427
-47.473484
-43.393343
-39.600983
-36.083079
-32.826133
-29.816591
-27.040941
-24.485811
-22.138042
-19.984762
-18.013444
-16.211953
-14.568586
-13.072106
-11.711765
-10.477318
-9.359039
-8.347722
-7.434682
-6.611754
-5.871280
-5.206102
-4.609547
-4.075410
-3.597937
-3.171807
-2.792110
-2.454328
-2.154311
-1.888258
-1.652696
-1.444457
-1.260660
-1.098687
-0.956168
-0.830959
-0.721126
-0.624930
-0.540804
-0.467346
-0.403300
-0.347544
-0.299078
-0.257012
-0.220555
-0.189007
-0.161747
-0.138226
-0.117963
-0.100531
-0.085556
-0.072712
-0.061711
-0.052303
-0.044268
-0.037416
-0.031581
-0.026620
-0.022408
-0.018836
-0.015812
-0.013256
-0.011097
-0.009278
-0.007746
-0.006458
-0.005378
-0.004472
-0.003713
-0.003079
-0.002550
-0.002109
-0.001742
-0.001437
-0.001183
-0.000973
-0.000800
-0.000656
-0.000538
-0.000440
-0.000359
-0.000293
-0.000239
-0.000194
-0.000158
-0.000128
-0.000104
-0.000084
-0.000068
-0.000055
-0.000044
-0.000036
-0.000029
-0.000023
-0.000018
-0.000015
-0.000012
-0.000009
-0.000008
-0.000006
-0.000005
-0.000004
-0.000003
-0.000002
-0.000002
-0.000001
-0.000001
-0.000001
-0.000001
-0.000001
-0.000000
-0.000000
-0.000000
-0.000000
-0.000000
-0.000000
-0.000000
-0.000000
-0.000000
-0.000000
-0.000000
-0.000000
-0.000000
-0.000000
-0.000000
-0.000000
-0.000000
-0.000000
-0.000000
-0.000000
-0.000000
-0.000000
-0.000000
-0.000000
-0.000000
-0.000000
-0.000000
-0.000000
-0.000000
-0.000000
-0.000000
-0.000000
-0.000000
-0.000000
-0.000000
-0.000000
-0.000000
-0.000000
-0.000000
-0.000000
-0.000000
-0.000000
-0.000000
-0.000000
-0.000000
-0.000000
-0.000000
-0.000000
-0.000000
-0.000000
-0.000000
-0.000000
-0.000000
-0.000000
-0.000000
-0.000000
-0.000000
-0.000000
-0.000000
-0.000000
-0.000000
-0.000000
-0.000000
-0.000000
-0.000000
-0.000000
-0.000000
-0.000000
-0.000000
-0.000000
-0.000000
-0.000000
-0.000000
-0.000000
-0.000000
-0.000000
-0.000000
-0.000000
-0.000000
-0.000000
-0.000000
-0.000000
-0.000000
-0.000000
-0.000000
-0.000000
-0.000000
-0.000000
-0.000000
-0.000000
-0.000000
-0.000000
-0.000000
-0.000000
-0.000000
-0.000000
-0.000000
-0.000000
-0.000000
-0.000000
-0.000000
-0.000000
-0.000000
-0.000000
-0.000000
-0.000000
-0.000000
-0.000000
-0.000000
-0.000000
-0.000000
-0.000000
-0.000000
-0.000000
-0.000000
-0.000000
-0.000000
-0.000000
-0.000000
-0.000000
-0.000000
-0.000000
-0.000000
-0.000000
-0.000000
-0.000000
-0.000000
-0.000000
-0.000000
-0.000000
-0.000000
-0.000000
-0.000000
-0.000000
-0.000000
-0.000000
-0.000000
-0.000000
-0.000000
-0.000000
-0.000000
-0.000000
-0.000000
-0.000000
-0.000000
-0.000000
-0.000000
-0.000000
-0.000000
-0.000000
-0.000000
-0.000000
-0.000000
-0.000000
-0.000000
-0.000000
-0.000000
-0.000000
-0.000000
-0.000000
-0.000000
-0.000000
-0.000000
-0.000000
-0.000000
-0.000000
-0.000000
-0.000000
-0.000000
-0.000000
-0.000000
-0.000000
-0.000000
-0.000000
-0.000000
-0.000000
-0.000000
-0.000000
-0.000000
-0.000000
-0.000000
-0.000000
-0.000000
-0.000000
-0.000000
-0.000000
-0.000000
-0.000000
-0.000000
-0.000000
-0.000000
-0.000000
-0.000000
-0.000000
-0.000000
-0.000000
-0.000000
-0.000000
-0.000000
-0.000000
-0.000000
-0.000000
-0.000000
-0.000000
-0.000000
-0.000000
-0.000000
-0.000000
-0.000000
-0.000000
-0.000000
-0.000000
-0.000000
-0.000000
-0.000000
-0.000000
-0.000000
-0.000000
-0.000000
-0.000000
-0.000000
-0.000000
-0.000000
-0.000000
-0.000000
-0.000000
-0.000000
-0.000000
-0.000000
-0.000000
-0.000000
-0.000000
-0.000000
-0.000000
-0.000000
-0.000000
-0.000000
-0.000000
-0.000000
-0.000000
-0.000000
-0.000000
-0.000000
-0.000000
-0.000000
-0.000000
-0.000000
-0.000000
-0.000000
-0.000000
-0.000000
-0.000000
-0.000000
-0.000000
-0.000000
-0.000000
-0.000000
-0.000000
-0.000000
-0.000000
-0.000000
-0.000000
-0.000000
-0.000000
-0.000000
-0.000000
-0.000000
-0.000000
-0.000000
-0.000000
-0.000000
-0.000000
-0.000000
-0.000000
-0.000000
-0.000000
-0.000000
-0.000000
-0.000000
-0.000000
-0.000000
-0.000000
-0.000000
-0.000000
-0.000000
-0.000000
-0.000000
-0.000000
-0.000000
-0.000000
-0.000000
-0.000000
-0.000000
-0.000000
-0.000000
-0.000000
-0.000000
-0.000000
-0.000000
-0.000000
